11799
6055
9859
12958
17135
4236
17792
12710
16088
1714
5702
16436
1009
5768
15531
7381
8125
8461
13897
15714
8975
104
10737
9134
14195
10345
10745
16089
4359
19153
1235
4910
6263
1615
10831
17401
6589
3529
11227
9586
17251
12058
6090
14294
16498
11419
17626
17627
12936
9717
15516
19531
4863
13113
5096
13049
18940
12840
15927
17578
16495
16280
6688
16986
10794
12923
11779
17003
18522
17286
14341
11262
9260
8713
2265
16747
18388
8376
16753
2689
17052
14275
14884
6376
13291
19541
4375
17613
18751
19611
4984
13322
7608
17411
9592
19451
5079
3298
8774
16791
19909
4117
3194
13199
18784
12811
17234
18906
18119
238
9941
3838
10792
10397
11963
10833
9400
13026
4938
12715
4973
17797
2785
14488
4574
17833
17767
10861
8569
8614
5344
5479
14183
8095
8663
15743
9778
16128
15654
14829
2626
12861
17087
16704
16048
16172
10817
1224
18383
13947
5617
8446
5527
9715
9122
5428
16484
7713
12445
10222
5467
4995
14150
13403
4609
15517
903
415
2049
17805
1970
10761
11364
11497
1392
15992
12539
2517
6612
15151
1305
2888
1972
14531
13834
19753
15701
8265
12495
7268
2324
6580
2504
7335
1611
1238
12911
14051
7911
13991
17305
2700
7807
15863
16131
5854
5796
6856
4299
14336
19642
17890
2445
3829
504
5093
8662
17544
8924
15230
6123
8913
9225
9109
10112
13602
13064
7245
16625
6107
9820
5567
7933
5745
8515
6840
14570
9165
3080
10576
4536
547
2919
1398
15520
17101
11918
16232
12864
7194
13027
12235
12636
386
4086
4790
14347
7974
15339
10206
17362
13699
1604
11608
9388
1109
2916
8525
19844
10804
2938
9406
18997
9375
12998
12512
9081
16472
12832
5184
1716
16859
16104
11152
7463
8561
17470
4913
17783
13030
9482
7176
12584
14529
9667
958
8247
5881
10417
11042
11434
18124
19776
6627
3825
13774
15427
1797
13309
15139
16084
19495
4258
8770
1818
726
13335
4288
1147
16107
16848
1071
1790
4166
8806
16780
3037
9827
4090
17630
15013
9545
16199
11204
2805
14069
13657
11998
4733
17724
8260
5493
3731
13900
8771
13176
2505
9301
16729
18082
3549
10714
2725
2710
2865
7659
6213
9785
16304
15434
4672
1369
19582
5226
16064
15370
16218
19563
12068
10830
18044
3383
18672
5982
17189
5348
9436
12465
10579
11208
18152
409
4293
11546
17145
18707
15398
16457
18921
8028
12320
14926
12618
1573
10262
12297
6924
9490
7030
17981
5748
8200
13919
11519
4982
4800
4189
3674
18687
19488
15349
4699
16621
14756
11514
1209
17200
16629
3324
2440
10321
17563
12568
17408
15213
10583
13883
9158
13845
19605
4287
11893
18345
1654
11307
2030
18007
19791
17908
9149
880
13459
16870
18646
8083
3626
15744
6185
4160
19878
17037
2258
5562
4957
16126
2875
1195
2744
6622
16728
17711
1357
10101
12830
13757
15340
14232
19656
16943
396
2501
8036
14876
8831
19168
6875
1763
7800
7313
18392
5286
15518
4931
6957
8571
19537
16858
14853
2594
479
9010
2666
1617
12209
2307
13450
12900
8388
14664
997
18453
8976
9793
10383
10014
74
10320
5885
19477
15406
500
3665
7841
16202
14390
443
13499
15474
8202
10083
7960
6816
7835
10452
5270
11321
18117
13114
818
11834
12341
4325
11888
13280
3036
5074
12380
4893
11592
6663
10168
5845
5035
18141
10720
9468
7408
5516
19956
6737
6071
19602
10404
16837
3858
14807
14015
19581
12859
16192
5554
12892
4682
14812
1967
8891
15819
4727
7527
8895
12561
17491
9015
12337
12940
3405
14309
10938
1474
14179
9809
16716
8669
18173
7886
5761
1576
19039
14699
15464
11363
16464
7336
7057
15635
6995
19045
5275
2654
13549
10992
8740
6191
1295
7072
9888
6224
19190
8487
12494
3327
2630
1013
17601
18321
11272
16078
10570
17459
7357
9555
4889
16497
19614
4296
15887
1764
11103
19428
17239
9614
3985
9986
14582
18011
6934
11010
17825
5046
13267
263
7126
14359
8922
4470
15616
17576
17538
16641
7730
19797
4616
19075
5821
2714
68
18187
6750
1268
14319
16221
4783
674
7809
2978
7628
12254
9097
1196
4481
9160
9505
16374
12760
18578
19678
3400
9153
18372
16893
8311
18462
14996
5399
4131
12024
19606
9408
16920
12261
10015
15690
7560
9034
15242
7680
17974
7282
15359
4726
3205
12661
3351
7816
6672
6832
10582
18319
13551
13141
18530
4641
7323
3292
1913
8267
14516
11226
8543
2320
19108
9550
16122
8317
5840
11580
15252
9070
19977
9680
4383
8481
8817
19967
1024
14562
9144
7595
19919
13514
10870
12819
8271
7175
17510
18120
19569
9650
10293
5803
7547
19305
19454
14801
18055
12375
3066
17220
15854
8350
17113
8075
11539
12531
13232
8184
13982
13935
5708
7875
17713
14534
431
15798
14103
11476
3321
617
14225
10324
13827
14137
18465
6179
15164
15551
18750
9805
1424
17803
7351
13808
17222
1701
15120
19231
886
13108
9908
12927
5669
5073
11456
9032
8966
14313
5847
12801
7994
10627
6092
16524
4764
16411
17425
6943
16533
16399
15429
14471
7436
18603
1054
10871
34
9671
12854
11675
5871
8491
17281
18993
5798
14133
7758
5406
2970
5959
15842
7031
11524
5542
4532
19969
6785
13109
2613
17942
19937
972
19465
11679
12196
19366
8840
6550
17335
4611
4798
4689
8167
19699
6587
2940
15383
10155
11337
7442
5966
9080
16325
14020
7102
10476
8138
7605
17381
2825
16348
9904
12808
14080
4238
6386
4559
8255
3459
1969
14008
19139
8081
18057
12963
18926
19004
17481
6685
6656
17611
17122
3282
8009
12650
18153
17582
19771
611
18132
17899
5883
12305
1585
15316
1420
6769
6365
4936
8748
12334
11059
10272
15206
19652
9886
8093
6567
17741
954
13632
5775
9617
11868
2104
5015
9656
3648
17079
17460
4615
8887
19689
17447
13787
19687
9193
3069
1288
5903
7319
13248
11763
13905
17799
19229
16054
15687
7449
19697
9679
1846
15969
14170
17879
11097
13728
13587
7098
4637
6677
4023
12330
18021
6908
4146
3333
5774
4866
3012
16118
18174
8421
9341
12638
12184
10695
4208
10277
1744
4600
15859
17725
10535
15077
8816
4517
5268
11442
13377
18255
3467
17707
9289
12364
5168
5279
398
15796
4862
17191
2199
328
6112
3604
16888
6341
14976
10479
15407
6609
15127
4350
15584
979
19224
12806
197
19590
8307
12061
15605
9083
18594
11129
11631
7565
6001
11217
10825
19786
4057
19870
12359
12841
4567
400
1482
19721
7456
9414
16207
8343
11218
7988
8728
14486
7552
6226
15395
12611
1621
19027
1462
6137
17117
17371
3020
10166
9396
16196
4762
11360
15580
12739
16236
19472
12182
19750
19234
17208
6783
9061
5320
1303
8490
5497
11812
5746
7542
19264
14833
17353
12576
8336
2677
3067
7584
18413
17559
6144
15475
5187
6358
11761
6760
1338
12126
8578
4104
1562
4483
1387
11861
13177
14581
2032
8418
11556
4874
9253
5317
3814
17555
4040
18052
5637
10199
4512
18226
3689
9945
14138
4926
13596
2262
7891
17652
7279
3638
725
18354
16626
416
18967
3664
13638
4690
19242
6459
3988
1530
6690
13143
7937
7746
3873
17892
5605
5124
13578
10433
18454
9921
4096
10073
3684
10203
9031
404
5639
6056
5928
9477
5077
18374
3647
5005
10179
7583
8294
13566
10187
15756
18808
15499
17944
17125
7283
4522
4247
9933
10980
12269
3881
2389
15964
15084
6697
7079
3261
4965
10485
7624
4301
17549
17715
13260
7616
12737
19130
17996
6407
5108
8834
15433
13500
6669
10785
6292
675
17796
9517
9493
7426
16470
19704
19555
16313
5273
5836
13103
14980
3708
7495
5398
6126
11429
187
990
3372
13731
13926
176
11910
6383
18584
10028
5592
4555
1657
11368
12161
17857
2790
7749
15442
3930
10633
12153
6274
4367
2876
7753
338
13969
9356
6559
18083
3668
13520
18279
14105
13736
16000
7316
13132
18275
10190
5211
18172
6000
17820
18427
16096
12128
10677
2011
5633
15461
6079
16955
16135
892
10526
6775
4697
17743
15455
16627
2676
365
2099
17903
13822
15152
13347
19674
3271
7968
7446
3345
15886
10365
13785
12921
5090
14411
8454
1704
4967
17504
11313
11516
6073
10044
10816
8355
7428
17893
6088
4212
10539
5817
4116
148
18488
6296
11471
2543
8240
14520
1997
487
12008
5413
8
17696
15131
3328
4980
3208
12768
12170
8645
17315
16597
2514
6165
4844
4605
7683
18789
9845
640
13301
3738
18168
3680
19493
19851
6491
9747
11697
8374
3095
17673
14639
12477
19802
1000
10308
17095
8155
16323
4297
13134
14304
7402
9071
6998
14142
19641
8068
8853
1563
19610
11596
19061
19101
14260
5857
15350
5247
11883
5684
15036
12420
9355
5037
14100
10261
18547
15643
17612
3733
18810
19246
17834
16329
3841
5738
11412
15691
2987
18341
16700
14596
6423
4328
8550
15897
13412
15204
18005
8282
11806
10572
14250
19137
14417
8968
12143
18893
6836
2990
253
4617
12434
12651
8207
18869
6140
9834
2473
5396
11738
6964
15973
10515
14342
10962
1525
2256
14468
18633
11733
11301
14484
4233
12159
6641
9858
14583
5830
16113
6121
9537
14735
8465
14847
17165
10892
13411
126
11285
15163
10783
19192
4841
8929
5864
13302
8654
19181
17276
16257
9112
10736
17246
15759
280
11356
6214
3796
9581
16804
14902
259
13313
1710
5981
12192
14421
7111
11248
4966
17531
14012
10161
12208
18762
9882
7650
4
15988
4432
216
14392
12424
4785
11923
3111
16406
11706
7152
19659
5876
10125
7292
7420
18410
16814
19299
13681
19097
19700
1247
12040
2398
12486
13198
11605
7757
4321
13655
4479
9105
16822
12552
6615
13446
17513
8697
6373
11428
3713
9459
19129
10086
5094
9944
7462
2140
12315
8010
7869
18494
11630
14933
11985
5865
4264
532
2772
2367
3836
4245
2188
5055
7417
16165
14323
13163
8519
10682
5960
4952
11494
6334
6351
13352
5374
15797
3597
8810
7238
6076
19714
19001
12827
7488
5210
8281
3637
15380
17256
19445
11901
15367
4030
3421
14725
1958
2123
14863
14303
17848
10098
18081
7642
12534
8969
19382
822
4806
13311
1905
18851
4401
1590
10867
12152
7430
10067
1635
13441
16014
18563
16455
13003
5698
14510
14062
2562
18965
6158
13608
19926
15168
9241
4135
6202
10492
9732
7461
5178
380
18162
4354
11602
6985
11961
15484
19637
5435
8564
14466
257
8476
2161
15898
1503
13278
6466
6742
11956
2926
12901
13328
2873
844
8365
2214
17013
19960
13154
11396
8291
18029
6947
12283
4018
17932
2544
15716
18266
1862
5522
8710
13607
19540
17884
6049
1828
12430
3441
12752
665
2059
10823
6844
1090
14216
18726
4385
1349
1287
7508
2578
11070
4573
6869
10034
7505
13317
14476
13784
17904
11229
6716
6360
3045
10933
8881
10751
15288
4217
6299
13628
10431
2899
9389
14609
19260
14143
5819
5731
14588
2958
17906
8455
6694
18421
4003
5298
15694
17918
2679
6294
15639
10517
13674
8752
13993
4170
11455
14396
4286
6926
4882
14642
6492
9585
13034
1821
4210
15545
14281
17586
4279
6771
12878
17822
16336
17368
5087
2244
12557
2039
18685
8283
15493
16060
4017
17096
8703
17972
6584
17479
10116
15218
3275
7540
10474
18193
9090
9237
9214
2422
9258
16998
4223
6316
14574
4181
14737
6808
6616
16331
446
691
11382
19993
10198
1080
5753
6449
9246
4186
5444
14942
2998
9264
3288
17913
17172
999
8642
5143
6440
6887
5644
11022
11219
15976
8333
7938
16513
18543
17349
7711
12981
10875
7805
1202
19823
10402
4943
10887
293
15167
5514
8053
9499
316
6621
7005
10095
16507
11113
152
1485
10828
7025
4167
4623
1234
17264
5705
7992
13442
14041
4658
7066
5324
16840
7182
5498
16376
6028
8035
10235
2079
12728
6689
14174
12116
11171
19693
7997
438
3656
7386
14784
18669
5267
1980
12026
3262
6258
18774
11003
19059
9894
8089
1584
16719
6876
4418
13691
324
19069
18757
10104
11942
1986
17415
3513
427
4099
5565
8652
17254
14479
14974
589
1279
1533
19026
2336
16186
19172
17540
9500
8844
6837
13990
7018
18165
11112
17810
5197
2390
18721
13472
3712
13486
13531
2699
13950
19351
12970
10824
5041
19331
14191
11174
10652
5248
12605
10629
5194
15171
15098
17775
3580
11770
10520
17897
8996
15916
10556
8253
18569
18904
5134
19799
8131
6925
18364
2915
5131
13400
14376
4213
16661
4621
16974
12130
1170
12600
17269
17110
11757
8115
14149
18250
3198
10590
18546
14240
10225
11651
14207
12634
9086
7723
1120
17439
19658
3827
17835
5716
7991
2015
2883
4542
14416
4725
13881
8903
18859
19620
2241
17929
1307
9042
9655
3473
1959
11249
19184
13938
11352
12862
1258
3448
1816
2399
2147
16861
18376
3787
14972
12452
13015
15011
17400
10465
14746
15353
9868
8357
19205
18924
11207
17507
12200
5100
8926
7457
2488
10950
12018
1613
4411
16153
12238
8854
6009
17623
17676
12513
6506
16291
2152
17553
19438
9992
965
16121
10571
16143
10233
5296
19322
16222
12949
15817
2246
9091
931
11664
3166
12818
13707
15903
19979
4899
11835
7716
5276
7035
5946
9907
19811
15830
4871
19347
16182
8254
4475
18585
16874
18028
4676
397
15878
18287
6330
12689
17490
8304
18865
17265
12572
1278
19079
10668
12202
7216
451
855
4077
15870
13772
17661
10540
12799
14778
6403
8160
10242
12521
16665
13600
14161
9143
11626
16209
10455
10182
11805
17520
16802
6682
18987
19144
7173
3598
17332
11769
19501
14047
8091
4823
9370
15737
4820
7256
7543
8335
8682
17948
12193
9233
15929
18192
18095
11168
4561
10606
12098
18549
3151
15665
15696
19394
19989
19867
12794
14928
14076
11243
19032
14894
14366
9995
4807
17115
12401
6401
17436
11817
17337
6872
6538
7859
11601
19992
14016
17637
18710
11108
12211
10511
13730
12288
19303
9900
8813
18299
13180
17247
18347
760
1810
15199
16667
2322
17311
1928
2240
6958
6020
11194
4788
19232
14592
2903
15566
16709
19000
16080
14024
19377
13210
19384
9152
6013
9413
1460
7328
12497
11668
15703
10772
1602
8321
15085
17094
7454
10005
12713
6132
2701
7085
11055
12263
8507
13043
12485
2139
10935
16793
17467
16851
17164
18782
19446
7541
18090
9238
13222
14269
9387
10185
8297
10374
6104
577
8730
14522
17280
17138
17046
4163
3446
14955
1473
6183
10211
1498
13332
4811
13597
19743
16367
9057
1229
13824
6791
7661
7222
13601
7307
11889
1370
9962
12203
19373
10172
1049
1631
18365
13292
7150
18598
9664
5153
6809
10537
9503
7378
18185
8063
13080
18527
12535
8385
2767
4614
15832
4013
16846
10696
11587
9725
6833
14750
10764
17580
5359
12941
12679
12457
4592
19883
4455
5304
9451
18335
14023
11474
10333
9435
7
18269
15205
961
1332
18129
16847
4656
9582
3530
17044
9573
391
8369
16197
6024
1108
11869
4139
2346
10430
5765
9218
12232
10459
5441
6613
17035
7437
13918
4490
4713
6387
17262
17786
14938
14455
6168
13159
1210
16306
19038
9551
17319
3373
4763
8611
13088
10259
11487
7504
5262
36
16502
10681
7502
12510
14084
13357
14712
7743
164
1291
1057
6366
4687
16714
5253
1591
19807
3828
15130
15348
14770
18879
6593
4909
4588
18092
16650
11710
12774
9227
15537
8692
16219
18700
16634
9646
17730
1248
17927
19225
13865
1983
11708
9279
14365
10162
3041
16746
23
14530
2417
924
15021
2586
13240
12188
14815
4282
14034
18736
6324
13433
12834
14946
6141
10053
19760
7530
9985
5533
2842
14475
17278
13078
13676
4259
14473
1946
17718
19418
1099
13466
17983
10654
4451
9223
2284
4423
6963
14450
18399
16068
12897
11443
13165
6533
4089
10788
7482
12092
19939
14157
17558
19220
11161
15440
6381
11479
17770
8777
3380
17209
17300
3749
13964
16905
4753
10442
9752
15609
5326
4956
3390
9510
6586
9347
9177
13242
19784
17257
10338
10978
15482
9198
8205
10884
4419
16334
3359
11843
9720
9760
17261
12217
16669
11302
5491
2691
17188
10554
13325
12037
16114
10457
7663
10699
8967
609
12114
15525
14409
9978
8169
11481
11432
12548
6691
13535
11052
9132
9374
1034
6644
6600
12004
5118
13934
15008
12816
10407
16508
10331
3750
19328
7233
6032
19518
13487
5068
2660
10481
9703
8687
10282
16419
12643
4547
9226
18327
3099
4521
821
16958
16928
14036
14918
14079
2658
16843
12705
1089
3120
14553
17099
2646
1688
14911
22
12982
18696
16936
4302
3954
6579
10806
11235
2551
19123
7852
9040
1612
14445
18201
5165
12791
4417
12599
10927
18798
5549
3961
16572
18486
12149
15591
14524
12353
17921
14155
11303
2708
2122
19338
4508
16983
730
39
16773
12347
3603
18621
16563
5785
12370
12974
8766
18925
7626
19612
5598
18006
14254
16136
14340
10897
7544
9471
18957
9391
14361
18637
8318
15655
12365
9741
6877
12919
10588
1494
10391
2480
17561
9022
2154
13809
9003
561
17602
11170
18066
15176
15918
19777
12669
12964
19054
7229
11483
5122
17048
2144
2326
4183
5424
10793
17735
3250
11586
19779
15337
3944
15541
3098
19711
248
17310
15857
10415
9146
12410
12268
8470
1463
7790
12891
6599
4127
1100
18351
8979
9825
7353
3007
7369
6404
14525
166
19626
10723
7957
1336
10577
6103
18480
13924
15411
9454
731
1886
1598
9696
15374
16316
19725
3478
5466
4372
5233
13334
12038
19592
7673
11252
10964
12559
8228
18369
13833
4315
10591
5524
12162
2318
10192
4816
18553
6539
5849
14963
11554
19462
19726
19432
12121
19136
14929
20
16144
17816
4177
8323
13161
19178
10234
8868
13275
15467
1739
17862
549
6327
18142
12937
5794
3265
16705
19327
15572
9952
13208
11755
16512
2667
16887
1933
17869
16461
14890
571
17975
7620
4825
1907
4673
17701
13664
17388
5050
6744
288
16647
10280
15547
12736
8341
11473
4323
6326
10343
19773
6607
9063
5968
6834
6163
13470
11858
16287
3706
8235
7302
17592
9590
8047
4556
10614
6402
18304
8883
11223
19698
2035
14886
10349
7574
7091
9312
10208
8735
19929
9641
6166
10087
8188
4397
10290
10918
7802
14934
14102
9836
15431
17832
17370
16904
16254
15055
14505
15038
19460
13506
14317
14975
4558
10027
2245
14295
10024
8934
19433
17842
6847
15925
10138
1745
5414
10889
4182
8411
14339
2060
16058
17249
579
7917
17428
2491
9950
12270
7475
16866
12122
6821
3798
6279
15166
17495
2016
15660
351
4493
5302
10929
2983
5905
16220
5898
13874
6772
9811
5715
7525
5332
17073
13887
13522
5500
8565
9473
1848
5742
15483
17763
18417
15134
16660
12432
12296
8801
7028
12798
2989
5078
15057
14040
13361
18572
1893
10930
1785
17266
10712
8838
13126
12050
2663
12554
11186
5101
8658
8665
10204
12664
10776
9428
19826
13365
9496
19983
6147
19386
14388
17779
5908
2811
5016
10545
15641
11405
18169
18866
18371
6633
9051
16069
15514
11190
7588
6980
18552
9409
16017
6122
8435
12555
8488
13086
14708
1709
2260
12824
18862
16476
6233
4804
8428
18872
14899
6896
15706
9092
16040
4911
6665
16301
18617
17478
6767
10784
6234
585
17691
6916
18115
18411
3592
17721
13898
19619
16403
19037
8621
8043
19286
3977
10270
15779
7702
7763
17681
19318
2964
1125
9562
11224
1579
1682
2130
15890
10974
17406
11578
82
12800
9659
9519
4983
2828
16246
15207
1384
4916
6752
5099
16586
8144
1021
19202
5196
7359
15404
4407
15108
15326
15844
18484
14762
595
10004
488
19092
6729
4080
19535
1453
18314
572
5870
15090
13085
7586
15705
4034
15548
6578
2037
1213
8537
17074
9290
292
6778
18358
15389
13001
5245
17387
18910
18753
12537
1115
4812
14786
15112
8671
13562
8860
4016
17685
14322
17051
1194
7712
5699
951
6497
14910
18741
12709
3725
18928
15189
8823
2009
16692
12231
1849
6699
2252
12898
10665
10525
17465
17644
14645
16039
11264
17177
6086
7143
3260
4655
7354
175
15862
8655
12242
19449
16224
11454
19608
9497
2272
10895
19913
16175
2177
12427
5084
17069
18606
14650
16878
7004
13837
2189
8414
4791
638
16490
13375
13737
5027
1687
424
15947
1679
17870
16127
8958
11063
8225
10981
10715
18398
12230
5422
2727
8395
10013
9251
9252
10223
9624
13190
12722
11039
15312
9394
15561
13308
15392
8821
9351
6693
11882
8990
5555
19028
15994
10505
6236
3983
6472
18887
3191
10241
19387
4591
1833
16297
8273
8394
17149
1475
2953
7377
17450
7129
15473
15722
11672
12740
10181
14547
15046
11667
14385
2313
16770
6344
19165
8651
9256
14360
12404
12856
16157
14026
11130
12672
15214
15051
17109
4769
19520
8069
9462
13871
11816
13104
1276
7342
11544
2936
16212
12615
19009
17181
1653
4442
14296
12812
16742
2083
170
19888
17624
4010
15767
7515
16522
8412
15
3429
8328
1867
18675
7297
8594
15261
19104
8532
7550
2335
4917
19314
6406
5089
19397
14054
7153
11741
15154
127
18111
9381
8246
10398
16640
6946
2479
13983
10544
5205
3912
11375
19500
10316
2014
5380
10302
7907
19562
18220
19203
19195
2607
31
11269
18016
4137
10017
9194
16616
13948
9118
10967
4700
16026
6859
7294
2397
7622
5117
5113
9681
18500
15502
1079
14785
11290
10852
15775
10530
14840
496
11447
17690
13692
9787
18713
6996
10724
1956
7848
2831
19877
9239
15849
11141
15968
12338
7863
12479
412
10550
11916
6524
9224
13695
8998
4485
7782
8734
6942
13217
14885
12637
18936
1003
7834
4219
18641
10597
15804
19665
8040
10851
4038
12771
926
9812
5419
4695
6089
16783
18580
16264
9763
9469
18664
19898
9690
5958
10642
10862
10670
10284
1944
6118
12726
5977
7945
14631
7696
19355
14983
6339
3367
19804
1618
16779
6544
9670
11973
18001
11438
18403
8031
5787
9180
10963
14316
9392
10163
7398
10164
12010
10291
7008
17716
6411
14626
14704
13616
19346
13671
12989
8815
17703
17844
14377
5048
4430
9759
15144
7822
11894
16632
6182
536
10420
12493
5624
8545
4476
9466
3031
13810
5362
8894
13796
16687
18395
16589
2494
14373
8337
14653
10521
7019
15446
19072
8505
9117
10123
10312
19470
8266
6177
18019
10000
2589
17375
4650
8211
16828
7871
11582
8295
14325
13860
4050
12390
9938
10789
5222
6545
8029
17809
16966
6892
18053
18871
7954
18964
16169
9371
9452
5719
12293
4246
9758
10096
3014
16543
5675
11087
19859
19010
4660
18207
17961
98
5921
9512
9864
6732
19543
9206
11647
10285
4691
8983
13573
18228
5735
11975
16408
15625
8562
8790
3196
2731
8644
3417
2720
7593
19176
14426
13277
3053
11427
11863
5179
19441
18868
1101
13529
14169
18848
10713
5515
6820
9662
11119
15240
9261
6215
12836
2553
10325
15736
15358
17503
3734
9838
18542
10987
16730
19654
6588
11890
8025
12698
16230
19513
7929
2604
17162
15333
15645
19213
15867
7041
10649
14071
12694
5033
18325
11891
10836
5022
11237
4810
12352
4551
18863
8944
9422
16101
15827
8615
3898
12946
4036
6098
11685
17827
15853
995
5664
16600
7240
713
7073
7748
13517
6265
282
18429
7769
18976
10901
7365
19392
8284
6782
9384
6555
8676
14591
12090
3686
12693
9101
7926
16844
17826
11316
17604
5979
17660
18631
14098
15527
8694
3631
4932
2835
12731
4492
556
9054
1551
19006
7535
8494
18754
13230
6320
7897
9457
14783
13173
7640
8229
4371
9315
18231
11340
19029
14136
255
14147
11734
16820
18894
8636
15123
17082
5358
4549
8616
5223
19426
17697
15534
3395
18778
6642
18328
15360
9373
6194
2402
4743
7747
12030
18732
6738
2587
1207
8120
14856
7579
14253
11395
15707
2007
10281
16757
1372
5351
3269
17622
13370
5173
2570
14283
2507
16091
16896
6378
4211
8404
11162
7872
17719
18991
9430
3377
11740
9096
15576
19534
12366
1093
14695
15589
19261
9531
6610
12048
110
8725
16259
3221
19440
3382
5901
4540
3303
17694
12558
7899
14055
19961
7744
15301
3693
6189
7096
12300
19991
3512
2400
10815
8896
15082
8619
15184
12462
16841
5361
5553
13791
12986
18937
1348
5504
10684
7299
10491
2405
14675
17812
13528
12081
1455
11049
7920
14660
9750
11513
19808
14492
11394
14738
15239
14561
14907
14688
13239
17452
5778
375
3658
9623
16638
6662
16806
1993
8858
9775
14349
13779
9683
7511
10371
8268
19071
13331
2167
14707
6949
13756
13959
5593
8342
6164
12222
19790
19819
18199
8814
103
8179
16824
2005
4263
14386
15555
13337
10350
16811
8582
12435
2043
17358
2178
9850
7877
13304
13422
8516
8060
13095
13296
16076
11289
5815
6839
5431
432
8124
13431
11435
13668
4662
14607
6552
18013
6413
7668
12237
7419
16277
16427
13913
19591
5974
2290
1464
16382
2575
4686
6598
11775
12082
13688
4883
13836
3521
16335
15006
2787
19587
649
911
11027
1658
6145
12180
4335
1692
11572
6929
8483
10954
8382
10075
5188
14181
3542
15263
5166
19954
9187
15688
9801
10602
12844
15937
4058
18182
4840
1945
13423
789
14961
19240
5622
17326
15815
11785
6108
6004
13009
8423
4741
16662
16785
16284
2608
13884
6519
4188
8625
14139
12887
5217
11704
13851
12828
17523
14249
4905
13987
10186
1027
9463
4958
1670
5392
4306
5091
7578
716
1899
17500
13164
19128
15210
17071
19194
11457
18954
6801
17226
18125
6313
14022
849
5004
5360
7813
26
18885
8099
8827
7627
10429
6111
8379
6527
4463
13206
6379
17389
4949
13480
5804
15110
2082
10470
5028
13381
17241
17144
16619
16285
15076
15064
12212
14788
9041
9012
19984
6363
7439
11965
14301
17917
7179
16701
7200
5997
17959
6303
4458
3510
9095
19335
1497
13369
8217
10353
16633
8874
13179
9561
10946
11111
2580
19365
18348
4445
4262
15224
14862
11167
9402
16818
10224
18756
9275
9077
18740
14575
10985
12194
9891
9663
17742
13863
16623
15770
11952
12413
15324
16546
18639
14986
189
3338
12169
17141
9955
9507
11570
15617
8201
12480
9335
11444
16109
5503
13815
2243
11398
13216
121
8876
6084
19141
14291
8824
2596
12027
4527
13254
18768
8214
12466
9851
6546
10068
17080
864
11399
5913
11807
9369
15802
17361
10827
12687
3935
18724
12032
13245
16752
4370
2783
419
19252
13794
9405
7619
18548
12344
9148
4337
4291
5657
8329
18767
18755
10846
1286
7591
17907
7258
15450
900
19706
4706
11408
12578
15997
10906
4754
17253
5582
7214
2696
15153
4069
14623
11837
15795
1255
17154
11422
12759
19526
3402
15486
16248
18590
6905
12529
9434
12571
7721
7948
13831
17808
18381
18252
18655
3056
7026
3908
426
15498
8119
16969
12218
17057
15689
13336
15567
11255
592
18
1084
1738
9674
17038
9151
16292
12496
8415
10167
3206
88
12292
16081
16474
14869
823
8157
14499
14428
5762
8485
6806
16682
19248
6912
14407
11180
18326
5042
4608
3057
4444
10905
18513
3710
6585
9946
5589
2692
6336
17943
13071
3427
13996
4094
13212
7496
1942
871
9943
14467
13128
19557
9265
4132
11147
18022
700
15496
5680
9714
6493
13014
12441
7959
3025
1359
16693
9844
14891
4159
12992
9722
8261
14905
8848
15521
18941
18903
9957
4428
1274
10273
15079
9324
15653
8324
1052
18520
10753
10685
14111
11329
4942
18715
8898
1418
5112
6763
19033
12922
7415
7000
18265
17986
10975
10502
803
9963
6008
4808
19813
15269
15858
3079
13939
12450
5683
7870
18277
15115
12606
19405
18944
19810
10984
11954
13419
17845
17647
12802
3663
4694
7112
7849
15803
8250
19121
153
13371
8100
14545
10049
10446
16890
18283
17036
7885
19103
5652
15080
18722
17093
13966
16295
12550
1491
639
495
460
4613
18907
11566
14922
9084
11123
2569
12971
8101
14247
6960
4316
4404
12356
6743
15195
331
1750
18234
19994
13647
11709
16721
14873
5544
15805
9140
12333
3655
14878
19972
4070
9383
7732
4462
18837
10774
16596
18146
18431
11297
9522
8044
7956
13342
4835
9634
18898
6505
509
2709
12281
5145
13533
1154
618
1144
7819
19341
13847
11478
10436
13310
4266
6421
19391
13429
5972
14274
5671
13626
16150
13511
18533
7592
18972
5249
8226
12780
6074
12896
19174
14110
5512
7260
5551
7199
17528
1887
11629
10778
2528
1493
5995
4438
4515
11322
17103
4106
8448
15522
17621
4420
15871
12355
2293
1315
12012
14289
14589
13312
12708
13394
15588
9067
667
5990
8165
9259
15179
4607
14233
10509
19467
6023
3039
17485
6868
13767
2343
9594
15424
6109
4203
6547
15020
13893
18532
11758
4960
17215
9427
8422
10791
11618
14234
321
3692
1045
16130
16595
1755
12111
5535
5741
4007
7219
14011
15122
4244
8286
14272
12047
9154
13775
9556
9039
10869
9727
16087
16954
5338
19875
15519
12596
1014
17930
19166
5371
6442
7388
10012
5218
15835
13147
3615
14288
1779
13376
12063
10029
12504
11684
9050
11331
1960
10514
11641
9425
19464
15248
18570
5886
10675
13201
10810
2620
7479
19854
10298
11361
6653
5488
13889
2747
18874
19258
7204
14507
17218
5061
13447
2813
8798
8623
2921
19157
11851
1179
6835
4919
16025
18667
12701
6061
11099
13872
8613
7387
10113
12439
19374
9485
6391
13869
4553
1798
3707
11191
1008
12912
7978
14241
7277
10147
9896
17527
1853
16795
16674
11310
13151
8674
18102
5228
10435
5929
15160
5137
10693
4618
17746
7951
5740
14813
11415
17128
4747
12402
2568
4622
10585
12704
14021
17076
1943
5835
6909
1881
5807
9024
15754
1063
5086
5944
17509
18039
16540
8870
16922
18407
5729
16401
16599
5017
4073
4115
5225
2583
149
4093
14991
10081
14988
15921
11495
15292
10569
13393
4818
17651
12093
13825
12095
15331
2074
17183
6302
4914
4402
7208
10294
16671
12656
2988
12546
3464
8756
7069
7489
9234
9195
11829
4707
5890
4580
9271
15287
4644
16468
14860
12935
17299
15511
6319
13665
13404
6566
6480
16389
5013
491
12766
10754
6884
4657
12423
4569
1843
6017
2088
16079
6720
5844
8631
13505
13532
12077
8213
15800
5098
9491
15801
6848
9735
15181
15840
13719
8312
5739
780
18198
5190
5580
13356
1299
11656
4019
18224
14186
4257
14219
12035
9799
18195
1417
19712
1512
9815
19953
1414
1230
13283
4015
19559
3280
14559
5388
17366
16007
15663
16437
18068
18896
14091
17873
18656
3963
13932
7084
18436
13025
2061
8885
10574
9277
9183
1765
5610
9274
17055
10840
5572
10756
8795
6266
5713
12417
7022
12279
15515
9721
7174
1409
7148
14116
11977
3915
8206
7856
4821
8096
4126
19504
8856
9541
12234
18555
14310
99
18333
19864
15005
11073
16283
19390
13854
1721
17785
17075
13840
13140
17092
4505
9852
16324
4757
12641
16505
15259
13036
12586
18613
6129
3578
3046
13521
9495
16155
8683
15908
151
5487
4453
12386
3366
18597
16575
6398
11939
6050
11997
15836
9514
14220
9548
3528
13388
17616
13555
9917
9806
7656
9001
17771
5902
13558
381
3124
18644
7638
3168
18989
11335
13022
16906
8925
7694
2433
3266
654
16353
13305
2784
13150
13801
6016
3568
16189
5998
18356
5916
3965
4824
3621
11855
7421
2418
19914
12278
13992
6790
7139
7308
18939
5752
18804
1162
11332
9379
15458
15935
2410
354
18352
10451
5848
19718
17290
1583
5733
9412
4345
8659
6253
4514
12630
6712
6753
18080
18357
11426
912
18377
19310
7975
16659
11365
17574
7793
1689
10617
19853
14539
16677
14101
8022
16670
2286
2349
18914
11989
13842
7172
12616
2509
2803
10798
5363
17133
14140
18217
8684
13115
980
795
12368
13712
13436
5295
6902
19496
6038
11521
8910
18841
6348
5690
6979
19063
17354
12425
7337
2651
15485
5643
16023
1536
5189
19277
14521
15943
2822
10688
15710
13428
14190
11376
15231
7317
17572
15014
4576
15950
16004
18511
11903
15598
8330
7100
814
3471
8117
19367
17896
12075
19482
9602
1759
13911
10786
4027
19923
17090
7691
17777
12429
18725
8773
7105
3492
13591
10873
2
10197
13252
17749
15540
11907
17025
5417
13477
13561
11628
9542
3507
12917
6515
13046
8373
17885
8456
3865
14211
5325
9932
6521
3032
17866
15009
12453
9068
3677
5501
7500
16454
5427
2616
7114
17204
10105
15980
10243
10919
4097
8775
18069
17493
1088
14217
6703
14676
2091
9881
11627
5088
6617
4645
1040
19086
13581
10755
17633
4826
7161
6842
17455
3376
9914
19507
15138
18126
15043
14003
14004
79
9890
4469
1471
13440
17577
10706
11417
14458
557
8256
16269
12623
977
5811
7169
14689
12002
5957
2253
8742
2430
6804
10127
9587
11089
13157
7729
13686
16274
9286
11013
4122
16612
16307
19764
3105
11258
16796
13462
17458
17146
4767
7262
18945
11107
4284
11354
17468
3339
9390
19212
107
18880
19566
1072
3081
15334
4675
7050
1335
19710
11700
10154
19503
12044
16270
973
3414
7010
16842
6932
14099
8832
234
17970
2976
19266
3135
18565
9762
14578
5797
14950
18855
12666
9754
11445
4495
14837
13186
15847
17645
3815
16321
4265
13802
14433
15111
16541
5132
5764
4628
14598
4625
19120
8994
5007
12931
2420
15382
16344
3776
13981
2497
9033
9742
15062
18242
19987
819
7529
16380
6174
14454
9082
5574
7715
15028
13020
7410
18459
8405
15441
9919
2031
6295
18310
5429
3320
16536
334
7246
14328
5158
10553
2706
14627
9575
15942
1358
1909
4452
6787
4708
4716
12899
9295
14932
2356
14189
16593
15373
16854
7265
4778
1113
1535
15456
6984
3005
8173
19363
1508
887
7058
1208
4999
10445
17990
12343
4859
7509
73
17635
10610
17794
13011
6133
8629
6805
2121
3496
11875
12642
15308
19849
7657
3846
2296
5552
10230
11550
6810
19329
6272
10423
5473
3942
12124
16185
8541
16111
12318
8946
12308
787
5763
18149
17323
300
3286
12310
5447
13624
15940
3701
4473
13970
15466
19219
17995
6674
18203
3569
14794
15100
12042
19522
473
7499
11811
17100
8846
10732
18595
10734
13629
18306
16924
10460
11879
18623
8761
5070
13942
5627
4110
18844
15421
11020
14662
11051
15381
5394
9841
14163
7158
18688
18587
2024
13226
4303
14395
4896
11814
15279
15823
5723
14172
9102
8327
12628
10099
17764
6967
9169
8449
1443
3681
8122
12908
18790
7060
8151
12751
4304
6400
10136
8042
19415
16748
8103
10493
18211
14244
8464
16860
9939
17008
18917
8352
567
7759
1284
12228
6543
10160
7149
15258
2012
14123
1076
3349
5003
7494
7366
12471
17925
17926
16646
8346
8356
10363
16663
17316
9749
2923
13002
7075
15678
6632
3903
12108
13287
19703
7908
11702
6156
8270
19957
9596
9648
5816
15286
7197
3937
5873
8030
5199
19148
2268
2136
13603
8956
19452
19510
9098
4006
10016
9912
11274
11081
13006
17882
17665
7553
2878
3964
16326
2752
7412
13659
18051
7286
18471
14435
13806
5318
13488
19499
13360
18886
9520
12210
2004
8443
7228
16302
10036
2728
7231
5846
7688
15987
13963
16883
10348
8354
15789
7898
11682
15451
2817
10626
16475
8539
8602
19113
2429
10743
18744
17372
11281
5250
12418
3890
7815
17747
14312
11498
16918
14202
5588
18116
13010
5734
11411
12866
6193
3199
18008
2023
1017
17427
11047
16363
11507
9984
9771
1707
9746
3297
17148
14739
7029
17722
11786
12089
8585
19406
3990
18416
18842
18833
17393
18658
6468
3040
58
10251
14745
2973
3420
19424
13644
4805
751
4998
12123
6631
134
17066
17179
13341
1096
17240
11431
15089
6511
11295
10008
13984
1949
11482
14490
16375
3883
5952
7773
12371
15040
4298
13350
7724
10215
19294
18624
17905
8008
5271
10484
4755
11590
14447
4143
15317
8437
11446
19270
15693
17134
4446
17318
17205
11044
19683
10672
18312
7684
5125
19198
15856
2993
428
13931
13819
11847
18307
922
19666
3872
12233
9376
13630
4005
17472
15636
8299
15699
14048
4224
11093
3202
8316
10275
5367
4215
544
13188
3884
3253
7750
346
13799
6246
5911
8148
19145
3326
17413
14120
6241
16561
13401
2661
15410
863
19087
12622
3537
527
13294
18043
13683
8450
982
2792
4570
10410
5640
17598
2250
1005
6186
10416
12236
17
12714
9958
18809
5081
12378
15628
18123
10584
4833
13846
4846
17232
13732
21
16557
9645
19816
5707
7207
18025
10031
6928
3754
18649
1538
13455
8366
16825
7429
15989
14717
16441
4578
8551
19653
15416
7924
335
11856
1037
14166
655
12770
12508
13445
11752
17091
1289
14171
4696
18539
9019
12329
2274
7190
1600
15238
4042
2270
12516
3192
16631
18788
13755
6721
470
18994
362
16385
5418
5843
12657
10534
19618
14542
9026
5954
13227
12509
14059
10413
12001
3158
13438
4586
8698
4718
15445
14875
11569
5040
5969
14399
15659
6740
2000
13169
13182
13546
16244
12756
18276
1018
16528
7080
8536
13956
4095
14989
5772
3717
5339
4879
18026
19223
15731
8088
2095
12135
16469
10142
16440
4046
6994
17295
5154
18222
4828
15919
7311
18955
8353
10612
10448
12335
11911
356
13547
4827
15621
4363
15523
18771
17617
7689
4021
13646
4324
14959
18545
17190
17639
6216
11828
17750
3409
13435
18112
1081
8681
18615
12470
18163
3678
10711
4391
6667
10558
4704
3121
16043
10547
3808
5670
5609
11842
4482
1726
18697
17643
16233
18693
16190
7979
13738
15771
2097
8287
17078
18927
3817
8793
13868
2871
17705
1939
5468
1143
15307
1106
8609
8474
19290
12588
15304
19502
16592
17156
17728
19492
16492
1961
3026
19417
17916
2017
15880
2576
2464
11825
5299
6347
15426
15101
10541
17224
8039
11595
10052
14796
16607
8943
13631
2163
1241
8177
10506
15418
7379
11924
18876
15906
8572
13687
6097
11877
13513
12990
6659
8403
7958
5540
11694
2585
13861
19822
6414
10490
2529
8232
4636
6655
7016
19122
12644
4031
19413
8675
9669
19263
14751
15223
15453
4541
10666
8811
6260
10159
7003
13878
3419
8791
15170
3293
10401
10278
3306
8023
7137
8707
10500
5866
16191
11488
6029
7427
18225
201
12382
3071
1126
6369
7312
12906
16339
9629
10631
17198
3244
10019
4403
9987
19281
9688
11860
1440
12339
14792
8919
5766
17753
5587
12223
7236
18640
5058
15299
18961
14552
8011
7909
13650
8399
10286
3410
12097
1333
11312
15388
1139
8999
13946
9536
4435
3387
2470
16992
7459
16099
18473
10757
8038
12743
17433
3072
13689
12787
19255
13289
10924
17416
17837
1050
12814
17288
19564
6217
4280
16571
13936
4426
5034
7510
6171
11886
12102
5316
6005
5858
6287
7780
5810
9326
6343
11072
19106
2387
8596
4619
10213
18317
1242
14151
2202
12354
2579
18932
2642
19315
11771
3084
9343
6890
11662
17687
783
352
12007
13694
5029
6951
441
9837
5564
5082
10779
11795
19995
84
15345
14523
4770
15219
8873
132
13817
8279
13951
15661
5538
10721
14043
7099
13873
15748
5922
15053
1077
3201
15873
4597
212
14845
11699
11558
13675
15302
7797
11155
13072
5801
19922
12594
10647
10354
12871
13971
16241
14282
14267
17702
202
5200
5720
1457
13875
2933
13373
4626
4464
19289
10390
14832
15683
3223
1035
1262
6591
15135
15029
17217
1173
5255
2215
6115
16179
19395
3947
15811
11836
15953
17112
6649
19767
13642
18194
15673
18854
93
4488
4140
4668
6857
5293
14318
11576
18159
14420
18698
19821
7631
732
12036
11988
12258
9245
2526
2172
12915
5834
17560
13789
14546
5490
4202
18832
5767
12011
7493
2662
273
18541
1410
15614
5001
17043
11946
7466
14469
4098
12275
4513
18909
17675
11203
6195
19655
11505
8526
8361
9970
16231
950
6353
10139
14480
5409
10596
9730
12336
11652
5347
14035
15883
8112
4300
6371
12545
11451
3490
8142
5826
18564
5475
12602
4193
10717
7946
841
10878
6435
8351
16932
353
4319
14877
9816
2724
11754
12167
154
8216
13524
4829
14009
19778
12631
8656
19127
9549
5021
19
11598
10467
2305
18072
9677
14727
8172
12930
11510
4178
7764
8126
18298
8161
12241
18781
8787
9450
2537
7931
6741
8664
1923
6620
5266
14628
14697
4047
19868
3077
17950
18678
3001
16792
5526
13089
9017
19833
8146
2033
19739
16938
18783
16395
636
14085
17941
8431
6280
4834
18496
17027
9533
17551
15629
10173
12323
6142
2377
6368
13745
7756
3768
24
3869
2664
1282
3921
10393
2396
14614
11964
11844
11490
13491
8579
3048
17412
5561
19191
13195
16021
4235
10194
7644
5915
16914
8396
13584
7597
13575
19902
13142
12960
18706
7198
12649
19599
8688
3300
4366
13386
15060
4273
11958
12980
16926
7435
15930
1762
12587
8189
6460
6072
1446
1891
3904
10267
10801
18322
12399
7053
11318
17720
2041
5114
3006
7223
16744
13965
19159
14329
15186
17143
8737
9419
17136
12544
9268
17632
5018
2461
15711
14459
14364
8198
2081
2374
9622
2129
11233
11370
16530
16737
18246
19043
15448
9711
4587
18059
10478
7617
11929
17600
7602
14270
8003
7370
10480
16414
6501
9099
8557
10850
6207
11950
17351
11433
17993
16320
12216
10395
11994
7115
15412
14393
17397
11921
16598
10653
10613
5036
8888
8942
11871
19722
16645
14251
18408
9953
12362
11187
16059
6739
603
12562
15975
14842
5221
2845
8384
928
11095
19685
3588
5751
6275
19910
15882
15599
17053
5823
10444
18602
4169
18366
11995
16373
12138
4138
5085
10093
17787
8334
18071
11756
4218
17846
17258
4631
6205
11663
1521
7300
9123
19143
13715
7367
10561
530
2896
4467
18986
15305
2941
18787
2371
11987
16103
5757
11774
19998
19222
3368
2050
12422
8744
1280
7355
5365
5596
15604
17649
5820
553
16945
6048
3698
13654
13835
14540
8147
14074
8090
8590
19770
15397
10422
8837
2769
5411
5989
14357
12797
11357
1036
18274
1156
10144
4499
16424
8850
16857
9204
16712
5309
17638
18660
893
14781
12877
4854
7432
13496
15581
18245
9179
10355
8417
13415
18309
15579
13704
2928
11270
9292
8514
9687
16405
3824
19381
8059
10997
8102
11508
16652
2738
16831
4836
5198
15342
10735
14369
17864
3142
8303
7678
13922
18776
5477
1186
2446
5584
6106
16247
6966
4979
15864
2472
9449
10103
15861
14672
16449
11981
16480
16429
11832
5062
12882
11467
18190
10548
10934
10811
3910
12507
6127
7594
16993
5594
18723
14782
13261
4679
11346
9817
4162
12997
15341
683
6325
3845
4085
11336
8269
19621
10855
3979
19297
13894
162
19210
19378
6252
15970
17836
8479
64
5837
3688
10137
14042
8807
13820
13765
4062
10405
19955
8017
15419
17934
9515
14857
11353
9303
6238
9654
7575
19216
14649
15319
10683
9368
1778
14154
17321
10132
9320
7124
14413
2018
19918
17378
8802
19639
1095
12372
8344
13093
19025
15752
6349
18196
11011
11636
19171
15083
14870
14320
17173
8997
18746
8706
2169
16446
5964
19364
10498
12397
9119
11976
17883
15019
5220
2781
7441
18038
16869
6399
11369
11743
326
5067
17287
6993
5703
10651
6614
10063
16657
14969
9130
6709
3791
9210
4382
12145
17754
1678
7168
18485
16228
9009
19828
6733
10958
15920
17461
15544
6187
2487
8825
13663
6793
11271
15812
13343
18289
4624
14698
5049
6047
2340
6305
16970
14072
9244
5385
6881
11780
641
10326
17170
11644
10078
16534
16807
8829
12331
3874
9352
17484
10837
18033
13068
18703
14765
18716
19649
15351
4850
12257
1043
14586
10039
17192
2809
11091
13998
1690
13467
9546
17506
19209
18295
6564
10216
2968
3237
18792
11169
4964
19393
10046
13763
18241
5799
13604
14652
4342
19193
19498
11135
755
10011
2726
6356
9823
13358
17009
10662
5482
9157
17482
12775
9973
14771
6003
4601
18823
9980
10655
11713
15587
18423
14643
3899
7157
2278
18607
10760
4441
18244
8899
5486
10567
15247
4439
3224
1051
18214
6390
13667
8034
9511
2196
10153
4083
13583
19746
3702
2393
10872
185
13885
7667
15889
959
16170
15855
9036
17294
15454
19748
16614
6867
2208
12805
18807
16856
4760
9635
11945
12029
4395
18294
19011
1438
4723
7692
5606
8959
17819
6700
7563
2945
11930
8004
6426
3252
12464
7512
10605
19430
17451
13406
9110
15735
9200
8398
19895
11665
3673
10119
7851
10117
18559
7613
14462
8988
6120
4179
16556
3515
9964
13952
10157
210
11157
14677
14927
2481
18128
14156
10644
2718
13417
5209
4388
14380
1847
868
9325
7965
19275
122
10857
10615
472
19199
10983
6646
9713
2869
8309
3566
17104
7189
2823
18582
6172
6827
8559
16952
6139
17902
9382
9871
14957
14452
11753
14434
17585
10146
11522
12857
8001
4331
4925
12525
14227
1527
4545
14752
10023
7791
16268
146
13816
11850
9751
7243
6502
7701
223
14595
11902
19312
17760
19553
9580
19107
4968
1256
8757
10055
14827
16166
16722
14121
6796
17938
12176
12924
3115
16911
17618
7927
7976
12393
9431
3163
13397
11583
1266
9972
10923
4309
13288
1620
9172
3392
11317
4870
1834
6240
18360
8182
1543
6170
11333
6865
17496
16960
17293
10758
6045
10304
11330
2584
6965
6701
10686
13548
10990
15608
14948
10191
13144
6595
8878
18531
4891
47
4108
9706
3719
1159
4060
5301
18281
9199
5277
19630
12229
15137
4356
7014
4396
18826
6938
12977
17396
14383
11418
16758
6774
13909
11571
8195
11053
12141
15277
8779
15574
19894
3485
15874
17159
13469
2912
16044
10864
5287
18318
10674
5076
2687
7966
7006
15169
2319
2617
898
1402
16761
19457
7679
12511
14108
9002
11531
14276
4214
10565
8452
9073
17270
8359
6297
49
4474
15640
3107
17965
18424
738
15963
13099
18929
2917
11324
2162
19094
6854
11760
1145
4994
378
12579
5747
18206
18037
6259
5193
5509
14533
19131
4701
9058
15506
642
8158
19243
7296
4526
16349
6573
16884
18825
12655
1105
16760
6904
10064
10799
1364
13353
6885
1495
8438
6309
18817
6332
13634
8739
3078
12476
4815
8326
12723
8149
14541
9366
16282
5478
10248
5097
13065
16308
1016
8809
17854
11102
1554
9346
333
14286
5629
13788
15941
11803
9167
14082
2848
14333
3264
18447
8362
5280
2304
7676
13747
14311
9558
12057
11846
18097
18620
19946
12803
17061
6143
11132
3436
7623
13848
5146
13543
1550
9359
3112
10687
19617
8702
9038
19018
18665
4847
16309
15810
3891
19783
12394
11568
10287
15357
13231
6451
13478
10065
17841
13395
2496
2232
444
12955
16330
10006
7363
5039
18404
16864
16863
1632
1930
18694
3807
8524
4918
19402
11695
11948
10989
11209
6031
1442
19671
11299
14367
8233
10512
4270
16486
3813
6954
19218
5792
9643
3887
2438
6105
18596
3033
14358
9802
18040
5569
9700
11265
1897
13402
3748
4429
4154
12226
3138
17955
7151
2204
6461
14113
7234
10910
10557
9813
15888
19265
13962
13574
18743
12134
11304
4000
11820
16964
19597
1694
9202
9576
8678
12826
13636
7798
9444
14422
17778
6102
3907
9684
878
10580
6498
9668
9131
15293
666
19334
7581
6212
9795
13158
12991
18305
4886
2431
6759
7413
4506
11383
8955
9219
7998
4399
6439
11407
10461
9589
8531
10766
9768
1900
10283
3308
13693
13658
14427
18170
17988
19945
7533
3301
8995
12833
1504
9734
2645
584
7088
11355
7660
4684
12403
14716
9956
13116
15911
8901
13915
12950
8019
15488
5161
19308
18905
4711
6437
3210
2174
4809
11980
2995
5305
19336
14470
15595
1029
9607
998
10292
13236
3687
15490
574
5531
13228
9357
16132
19695
8957
10624
5278
8964
587
15700
10821
8212
14280
4144
15672
17774
17935
19468
5867
9709
7310
6340
15391
10441
9769
5718
5288
5133
13539
18415
15563
4022
12324
2956
15590
3547
18551
10587
13320
5909
17317
6489
10638
15191
4330
6251
4518
17395
14494
2672
6606
6136
10863
17704
14053
18779
6625
16416
10080
7693
6560
18202
18761
15469
13839
17521
7788
9438
2003
124
18502
6558
6822
12673
10426
19549
19598
7614
15850
18286
12907
9037
18396
15387
18324
5183
9124
15063
18261
8601
6565
8469
10477
16167
4839
17976
7325
1277
19852
6757
10759
9833
13000
14208
9869
3021
14797
4639
12398
12678
3957
10250
9554
13720
4457
9006
11298
15116
619
9306
4648
13031
14083
13685
5688
13773
18878
16052
5780
14019
7254
17823
15091
13567
3632
14780
4937
11796
811
10178
10210
14892
272
4568
19089
5283
1599
18634
3235
10361
5403
11232
545
8635
1703
1311
10176
7293
2971
12189
5464
18285
1150
4497
4671
14287
6160
6862
9309
1860
15081
17178
8154
15323
9509
19692
7362
6059
16875
14714
12956
13988
17541
8012
7878
18915
16361
2685
1517
13797
13879
15503
11175
9861
14037
772
9470
13792
14680
6522
16962
18380
16839
14994
16439
16366
6190
645
13678
11104
18668
9111
11676
2412
3700
19542
13557
12072
10058
11624
7944
12501
10148
18829
1799
17407
19622
6051
14846
11017
9298
10035
14168
17418
6728
16829
15851
6977
5364
8129
18891
18293
2861
8555
11751
6888
9334
14754
3054
5204
18441
564
13004
11440
17483
5236
14243
16381
6087
16139
17129
5730
991
5628
4024
4985
7674
1968
17456
14610
13669
9327
5206
19115
11766
15443
18258
7681
14223
9196
11007
6237
10440
11195
12178
17729
18099
16613
13155
5955
14511
5560
6255
1441
13193
18148
14404
18213
19021
8191
13605
631
6651
10970
7551
16063
8763
5340
16751
1297
9910
6434
2230
16963
83
8478
4858
10594
7154
7630
15201
15173
4424
19675
18176
11610
18291
6989
19164
9421
12829
2064
3579
17587
6846
10227
12025
15825
19772
14203
15136
1665
16609
4066
19737
8721
19574
17931
11823
1906
6239
7159
16666
17677
18236
15702
6618
14518
9161
2880
1614
16347
12379
18461
208
8951
2275
17377
4307
13849
15297
13437
2492
17525
19189
13203
9508
5357
313
4353
19511
13904
873
13690
5327
8237
6153
16252
16397
13166
15692
11557
14439
1434
5942
7787
11387
14683
4056
19573
7964
14888
8852
9480
9892
7896
5425
9447
10859
19005
237
13778
16718
6364
18466
13319
6289
12850
11074
11202
16009
2254
1730
15241
13770
6066
1874
18517
16030
1896
9697
1680
25
2741
17474
837
12735
19661
3126
17659
11366
5784
15463
15133
18227
9055
13571
10820
1526
17843
5856
16396
11341
9257
5240
3242
18701
1868
7887
17502
6232
8380
7705
4329
12286
13330
16332
7799
6786
3092
19920
7766
3174
18114
11143
11915
7034
2298
6978
15211
5686
5869
10611
10092
11374
4802
7086
7455
11905
11520
13722
11083
9455
12195
3487
7081
12573
11928
1451
4341
7653
3466
10551
12764
12127
7400
15704
11100
15399
10877
9534
15226
8618
15649
17023
9212
2348
4206
8244
10165
5151
12055
2395
4584
651
19475
5172
3633
14941
11876
10356
12295
4702
6668
15338
11764
4548
16750
15298
9979
12147
4276
4292
3073
13850
6975
5502
1476
18077
14498
824
12660
440
18184
9847
15422
16987
2516
5405
9708
3857
12517
9630
18171
9875
18412
1595
17098
9903
14841
5426
8867
18704
7977
16915
4528
5779
14971
18498
13273
5805
12506
15022
7840
11094
9164
2621
11118
848
14612
2838
7521
437
2960
267
18608
9432
12668
11012
16929
12629
5781
14001
13039
10189
10898
5461
17714
465
9609
1747
11311
1220
15401
13495
17628
8027
16741
2557
10032
10832
19183
2166
3611
17489
5107
16147
19221
11001
7052
392
5092
15480
6670
5726
2330
6470
19389
17187
8893
16032
1421
2277
19911
16984
3165
16267
10637
4793
4674
7178
14898
9486
7033
5619
18888
5576
11449
13224
6692
13493
17522
3716
6507
2181
10414
2686
9481
16443
6731
1989
15600
18237
18065
9547
11951
9093
7837
8600
15069
402
18591
10180
8071
14728
14753
867
9478
10079
10762
2019
14093
12962
10708
16260
4550
4357
12087
433
15003
4100
4529
8907
11294
19431
17284
11009
7360
9016
16934
9030
3133
10184
7320
12765
19677
18200
8632
15995
13379
16972
19839
19696
13106
14795
6042
298
799
2750
15723
8977
11048
9442
11637
7040
6910
11151
18272
11991
17124
13999
16853
16362
12481
8368
9570
17211
8199
12187
9538
7981
14658
19806
15622
12247
16781
15059
10427
6991
5495
13042
668
12570
10473
4692
17828
19730
6917
8002
12831
9074
10311
7519
11563
18456
15739
16576
7217
6830
12663
14619
17235
18070
4606
10944
1577
8052
16214
12995
8923
7607
5450
12876
17654
1346
7523
2413
14292
6188
15264
13432
14092
11922
14087
245
5940
8223
14810
15670
5507
15747
17761
16145
13790
15260
12732
252
12489
16518
5578
485
8529
17026
2592
16394
14838
8711
6601
19343
12367
6735
9704
9989
6602
3388
12961
11623
15843
10296
13612
7230
2518
14571
10295
8290
15325
17526
8183
19151
5307
11575
3820
4055
9065
2802
15931
18223
5862
13906
15765
3548
14131
9393
18426
3229
13013
8109
11529
2520
1391
17674
13392
11085
4867
6025
10244
8804
10128
10090
18652
9982
4333
1774
8065
578
11277
17363
5075
12749
11933
3636
10323
11183
11437
18151
9658
174
17801
4598
17557
802
10091
167
18793
13960
3381
10385
19556
12540
18742
18428
5010
6293
18935
3696
11776
18443
8939
14722
8436
9108
6679
1537
8222
9988
7752
19948
5654
17308
12150
16749
6362
4311
11821
4978
7119
4685
10986
16314
8904
16767
16422
9613
2357
11564
10200
1836
11385
9211
1228
15526
10219
7321
17445
10007
6635
19733
3966
4988
18589
18079
19459
1422
17839
16451
13714
16003
14214
15188
5402
10057
2151
15352
3575
9231
11613
19024
18800
14808
11057
11974
8989
13670
6500
14882
913
15365
9563
12851
14866
18027
1203
5893
4654
16902
7855
9965
19461
5009
18349
15200
18536
520
16261
12944
702
9755
17973
562
19200
18235
17034
9701
4068
19548
3240
5676
5638
5474
14262
15782
8628
3175
17462
10592
9159
19078
12954
13588
8630
17991
13749
11040
16223
4400
1020
18526
12213
6654
19497
15961
1523
8699
5060
16187
2573
9407
18492
16328
19544
4191
1889
7986
17875
10483
12328
17738
12633
17748
8606
2198
13623
3453
10673
410
13382
15150
8026
18695
11947
10010
10245
17910
11649
9487
845
9930
19483
5536
13225
7191
5808
15050
15220
4123
12688
15852
1565
6504
17167
19908
2740
0
8110
7826
18382
17486
13525
9236
9854
15912
14663
12527
15165
434
11693
7935
6419
4175
1574
12952
16100
10593
12624
6010
5251
9598
14088
2077
12966
16129
10726
7380
2881
16425
2087
19105
13769
14384
2025
19812
14622
10707
9456
11441
9064
17001
5599
4028
18525
16769
19530
18303
6083
2637
19214
18797
16027
7248
4710
5454
10495
15826
9249
15571
554
17755
6695
2179
8558
5874
19458
11666
2590
6811
15932
15227
14930
8743
4216
3412
19886
2455
14306
7468
2640
4361
15096
12502
15529
884
4128
1060
17615
9372
5149
2216
1705
14940
9627
4037
17219
4147
9170
8657
14867
4777
14453
13761
18618
11138
7686
14967
15982
7147
8445
7183
15196
2432
9135
16249
7919
6971
10879
14964
9488
2954
18391
14995
2962
12647
19096
15278
15273
5896
8673
19986
12473
14097
9248
19362
14900
10566
18004
422
4364
19007
14107
16797
1978
16982
6510
17047
3923
7322
10853
14410
3851
5550
15290
877
6408
11212
17518
12043
16305
4768
5227
2932
14192
14199
12686
10438
16830
5203
16948
8588
18062
15837
17984
190
8508
10443
13229
18100
12948
3789
10939
18419
19754
7745
9935
10932
9181
8180
18822
4865
19781
12248
1323
17365
9479
18363
17769
17063
11542
3671
14865
7635
8641
17534
17072
4594
1770
17936
2549
4989
9693
7013
7009
18361
9832
17915
7089
5311
14768
18574
9831
13420
14736
12267
10808
4347
16447
19873
19512
8836
4688
13168
19065
12039
4112
7890
11327
13355
9364
2794
17336
1328
19624
5999
17594
5773
19345
13509
12094
4661
2893
18442
14363
16206
8480
1729
4389
17806
6157
19741
3514
10979
1466
5401
1408
15667
11230
1588
11253
85
13137
2084
17571
10239
6629
17137
12255
17642
7345
4780
13828
9276
19694
13750
7828
1947
15507
18717
5899
6483
18811
3802
7847
18130
7327
1448
11540
12767
7503
18036
15956
14985
9610
13598
2141
7570
11176
8493
5880
4659
481
6273
5755
19845
18179
18714
1871
13200
19251
15432
5545
5992
12894
13425
13880
960
9115
4061
8849
19613
14497
10501
12519
4721
18034
2158
6152
11742
13066
4092
11726
17298
17971
4409
19648
3661
14852
8276
2804
18689
10915
3613
13729
10205
14362
18320
14302
16810
10598
8512
18947
17296
8067
9299
12583
5506
4088
12207
3709
14800
6416
16798
19238
16242
18491
13709
6940
7801
11166
11935
779
1083
10468
9808
4195
6159
17508
5102
10418
12289
6886
14044
11005
344
5978
2285
8192
18727
10503
18908
4029
16809
10130
12846
128
18375
7761
14921
7963
12491
16957
18860
18775
12067
4603
18840
19985
12532
9967
6568
7092
13733
4543
1026
17880
11392
18041
12769
16868
15676
15470
7064
14999
15875
1712
13465
18449
19053
11900
16981
4198
16523
3468
8263
16460
3497
11874
8715
6866
16016
19098
11380
13012
19354
18280
4635
18920
5714
12312
15596
5838
12066
19288
15023
17532
7666
17933
6990
12054
5728
18439
2157
10496
4749
5147
17225
12612
16098
6471
19752
9114
8667
19705
4172
3197
10595
5346
11069
14335
10170
19436
5116
12821
6988
1376
18988
8980
19927
19594
10564
3645
4124
11970
9079
9201
16002
12388
12988
10914
5863
3312
19925
16418
19932
8062
12106
7104
2175
1214
1880
9255
14204
2223
15793
1922
12842
15215
12264
18393
14268
7011
9174
4078
16787
11159
11213
3697
16140
18956
13473
4887
10419
3901
15952
366
7038
8511
16210
13266
16947
18056
4118
13916
16481
13710
6203
6100
5897
5597
4557
16570
7472
13776
19899
48
3971
19076
10255
11966
6906
10370
552
2872
8695
9867
18747
10775
1509
11120
6248
11642
16053
9649
10704
9647
4185
17022
11184
15143
1487
18288
5604
1741
7918
15568
19976
8538
19425
18405
18457
9739
10085
2115
4114
952
1155
939
5614
4897
16997
8835
7821
16201
14611
11781
15285
14564
12939
18048
14167
15838
3255
15320
2458
14066
10196
14732
1028
12157
13220
206
4538
7384
13943
10309
2325
6006
18323
15957
5813
9786
19398
17709
4157
17629
12746
9863
19567
1948
18951
7253
19603
5169
16698
14916
1545
11715
8467
16047
8622
14206
8830
5212
8257
12373
11148
19344
18671
12384
18084
6708
17097
662
11263
14579
11381
18657
15408
7385
7423
10797
19577
7637
4677
15344
35
17175
165
207
13979
13609
19414
5281
3782
3209
5310
6405
11267
4413
13028
6080
2622
14843
9021
14893
2301
13209
19150
11050
15742
11106
4789
490
11131
12107
18064
7393
13038
3268
10494
11653
12458
4761
3639
12719
12085
12100
7452
1506
6485
18799
11982
19050
7113
7484
14830
17997
18253
12869
4589
11517
19575
6512
11657
18440
5390
12166
323
3013
17272
17184
8705
339
12536
18256
16578
10141
15087
13925
19017
7290
4025
6209
4121
10359
4855
15917
1395
14063
12938
14633
16999
6548
5907
9936
16850
1445
18409
12697
16142
6452
14512
6482
13449
13139
6517
15786
14836
2761
19160
15914
8041
1625
6039
10106
2353
7237
11088
7218
10733
15656
5452
16688
3017
4142
6604
12777
3085
11372
18259
16643
11983
15713
8501
16051
7629
4774
1596
6225
12674
6570
7697
16583
12985
506
14993
1742
13560
5558
11090
8765
19304
15356
19484
11247
9620
14824
9094
17962
12415
17878
17056
3454
11862
17829
13832
2985
16018
6338
12421
15638
6725
15494
10609
2297
18514
19110
5649
7725
16827
13452
16020
9175
19667
4220
13764
18433
5802
6418
7569
7107
16012
13641
17860
18820
10388
8704
66
1661
16194
3993
13606
12438
10084
16383
1157
733
11959
6169
6262
15073
19383
19633
3743
12613
15126
9433
2292
1484
3927
13055
14755
14834
12137
10926
8882
5455
5749
5412
2641
5706
11678
6813
10183
11979
6520
7936
9712
12772
6838
4524
11815
17252
11999
6765
8522
2100
10746
17243
14599
8677
13243
19408
1048
12053
13056
9120
11257
7643
830
16553
8855
9959
7225
17573
11206
1198
3968
3247
9060
4571
19793
17788
15751
4562
4252
15505
19066
9899
5636
9969
528
14679
15753
18331
6594
8258
6384
304
18131
16046
18452
6705
19682
15376
9139
5673
9565
7274
6936
10110
19735
12888
5150
10380
12681
11978
6764
11525
14978
6937
10667
14330
13083
4620
11179
1191
19208
7145
3222
7817
18619
1651
19453
7771
12005
1578
2867
19401
5508
19126
11065
6864
11773
2062
1777
17302
17492
7751
5384
11468
5510
19966
7709
5884
11079
18086
12793
5994
14506
14648
14700
13348
12219
4312
17650
13649
16990
4503
15818
17795
14640
14705
17040
16162
4102
14273
33
8264
19742
11904
7007
9145
15538
8767
12056
15010
12652
17207
18233
16823
15255
8032
17998
7522
4875
1472
9611
19765
16550
17737
19796
12358
2101
5828
16173
9089
10437
12762
5032
6242
16731
2980
10307
13734
15145
14665
6375
12118
13995
1754
8497
4009
4041
19376
15095
19508
13639
7192
3821
10171
5269
15682
11857
17463
14710
10581
6745
5458
17663
2119
12456
6927
563
13443
7348
688
17444
4082
14724
4461
15762
14615
10661
8935
15121
8839
10920
11388
11548
13706
15766
14134
3346
19152
8938
7220
15192
11126
17597
11291
5459
17684
13743
13405
18445
4004
2763
11122
16821
9133
18963
9991
5777
11377
14284
4971
4281
14678
8424
15913
11824
11931
10589
11908
6464
18605
7350
14602
14711
17605
17765
13972
8941
16086
12449
8769
9340
19360
17653
16163
19379
19273
18528
8325
2808
16724
11477
17379
9569
1188
8685
5142
6204
9008
8092
18759
16591
1515
16134
14068
10977
11509
7719
13703
8164
6882
7611
15698
13315
9418
9961
5962
7892
2539
12658
11469
14549
17064
14696
9902
7037
15986
10620
5341
18682
13351
6304
18267
18977
17937
13354
13672
9136
17007
18497
16635
13615
8727
7156
17693
16573
19321
16813
1177
3386
3654
13264
12363
3546
14960
16160
7874
10700
8672
17831
4996
18834
17867
11239
13398
18061
4101
10868
12902
12837
13928
18796
1681
7534
17058
7524
11448
14350
14018
19538
11347
4200
16745
3630
4145
19646
14625
1215
12785
318
13079
17045
12893
13711
8788
12984
2365
1452
10953
4771
19226
12880
5563
4900
16350
5155
5484
18477
16402
13542
4351
11391
15962
14647
10279
13937
10319
12614
12875
6766
9294
6718
2331
10942
11117
1019
15212
1469
4929
14635
5470
934
7621
3570
3634
14897
14456
17589
13241
18802
11971
17464
18686
4113
19809
14073
12553
6861
15626
453
15296
12396
10403
10038
5970
5083
11150
4065
13882
12563
11205
18508
448
14135
1855
14125
14538
9284
15125
16364
7056
7601
19669
16739
5469
15510
6776
15697
4480
5833
5877
15578
11345
9424
12251
2173
11296
7460
7450
15117
16565
15631
17121
9766
929
9877
8580
7213
10306
6727
11
14515
10960
15068
3062
18336
12589
6040
19274
7490
14378
9796
7131
6291
4241
19155
2184
7020
10062
18616
3110
16290
6676
14075
1345
17017
4274
10890
1187
1366
5608
4260
15712
10691
13125
11279
3834
10507
10676
13148
516
11133
8719
18175
18301
19095
19528
10607
7765
2986
2548
12112
17641
19744
429
9310
9588
3087
15730
6815
3452
3940
14855
12346
2649
15472
14239
9332
17855
10214
14441
15583
5722
14759
7707
6099
16886
18505
16690
8288
626
18400
17656
16050
8231
11000
15067
11193
4415
9566
9788
16235
19842
12431
13494
3946
6484
2311
12942
5065
10747
17344
18581
181
13661
14968
8215
17679
14443
19579
18023
16412
17698
798
1449
8738
18490
2116
16891
19237
17772
14346
19197
10077
15061
17453
19400
6970
19158
11621
18864
502
4251
13527
6206
17346
17886
4133
9377
2176
11030
6465
4313
4992
17989
13211
19876
608
15027
2950
11142
12975
12360
17238
3016
752
19485
2841
17790
6128
8930
16653
15938
1075
11031
16585
13249
4728
12515
19416
5333
18674
16011
2068
17380
18645
4408
18673
3059
4817
16102
1250
3571
16452
13133
19293
8723
19930
16506
676
4059
12957
10504
10854
1890
5014
12835
11577
12060
5932
13061
12675
2820
4322
19114
11730
4746
10066
10201
8547
14061
14397
14767
7424
14936
12530
10421
289
2498
1513
7343
18346
17999
8741
11792
8552
2478
4294
15425
2773
19521
6597
15232
13537
17107
14729
6900
6717
2187
8556
6922
3341
19268
6487
9738
8726
5860
2034
8772
13724
19884
45
9300
12205
16494
13385
15769
12131
11864
11036
19283
5024
19356
13192
10771
75
985
11791
6797
16120
5788
14681
6956
9780
14766
6457
9348
7589
10516
6030
13725
8786
14405
17206
6393
17692
17195
8084
16037
13504
5443
18900
17426
6396
14629
7416
2483
18877
11024
9591
8296
1839
17438
18712
12533
18186
13997
872
7171
14651
5485
6722
6777
9971
6058
14406
12447
5350
16288
17564
4898
12125
6652
13364
2765
6328
15652
5985
3375
12591
7770
15149
18003
19291
16907
4736
16156
14881
4393
8251
17889
16123
12729
5387
5
11061
15197
8024
8048
3780
12080
191
14903
6345
710
5201
8132
513
15222
6110
9568
9584
5241
10396
14526
19971
9311
3408
3523
6427
10463
13595
14580
5472
18460
13244
18979
16942
11650
4340
1580
11594
6686
11936
9448
19738
4945
13621
17466
14477
8886
4053
5136
17625
17838
7700
9171
8819
15375
12049
18087
6893
16697
8439
6529
7049
11439
3602
17550
9948
18470
19827
5349
13259
15452
19515
7513
16263
18160
11527
5329
8974
988
2134
10412
14637
7880
19057
9977
19832
13653
13744
19524
7901
11506
16265
10865
12186
1877
12755
1823
15291
12115
7658
16715
16435
3162
12469
4745
7879
11957
10555
10777
12621
11899
6955
16253
9689
5613
3991
2055
7900
1129
6899
10070
10094
6278
11633
9062
302
11283
18282
10300
3064
8358
4201
19805
10209
16525
15790
2853
15099
15007
1838
16423
18512
19915
3642
7687
6335
9076
14200
7389
4610
14423
12071
3535
7288
16500
14685
17449
14153
18389
9242
16836
10218
10701
16620
10630
10533
16358
9472
13890
142
15828
1695
17881
19990
18670
6684
11794
3933
5012
10322
8367
13471
7942
14238
18134
2281
5123
16532
5115
15078
13945
5177
16296
7447
17545
4431
1435
15750
9651
18819
19668
7884
697
8236
16174
13363
13862
5539
11068
8900
17868
15724
3564
15955
18758
5945
5892
17419
494
17049
19215
16552
11848
19881
18385
1638
17012
11499
4504
18654
16398
4830
12146
4290
10341
3239
4782
15902
540
11211
4912
18554
7818
8242
16994
14509
10472
12444
7142
16038
5345
4091
15479
14198
7203
13202
10763
648
10253
550
8648
16501
17325
14671
13579
4332
13414
16
14939
10632
3810
16410
9724
19407
5181
3136
6070
16611
5303
7338
5732
949
11480
17739
4993
11584
13592
19896
12904
5043
9281
9528
9997
19941
9254
28
7566
19749
13453
3103
10608
13270
16125
12045
13300
2946
12943
15532
10965
6824
11962
6516
15436
17216
7662
5934
9087
16900
17421
6131
15647
16256
17581
9186
11214
3131
17457
6863
17248
13456
13855
1510
4975
18161
11783
16271
13507
4705
8274
14164
7202
4150
6475
2890
106
17357
1724
11992
4165
16357
6064
13766
18738
18960
9018
8298
2638
4963
8504
10247
8527
17350
15048
16678
2542
2863
11276
8576
11018
9791
613
4629
6095
3786
17699
5631
493
1627
7599
1152
19856
6574
16279
13534
19981
7071
743
5646
19782
8347
15612
10337
6114
13256
18709
8805
4197
6883
7734
4494
102
11822
4647
19272
12635
13263
8111
10400
15310
3585
13895
2224
16161
9173
9338
14775
13977
3610
11588
18212
8468
4076
9583
15295
11158
19442
16487
17420
11216
9572
17376
14850
147
3063
7980
1396
8248
19673
15939
2877
15035
16090
12994
14809
4742
7390
8492
6130
14915
5066
14504
14684
3109
13035
10001
10635
14548
19701
14981
2739
10671
16711
8006
14563
1429
9848
3880
390
13580
15650
6831
14992
11156
5105
14257
497
16967
10838
2768
4894
9862
9078
8219
14448
4579
10381
7373
10020
16702
17789
14014
16092
7857
15198
13727
15539
11744
4831
10847
11793
1879
6041
14949
60
15664
2972
8729
18786
10134
12925
6962
7833
18611
12023
19691
13119
14773
18394
15718
9776
3076
18733
2614
8466
11105
7866
8973
17194
17019
19679
19924
13274
11319
12684
14030
7242
2601
5282
7537
10874
3735
5106
16913
10367
8953
16901
5462
27
17872
3499
7221
6116
17160
19857
9790
4596
16676
9215
17757
16450
7241
15949
12487
11210
5420
8442
15899
14000
2682
6608
1148
10912
12696
12017
7672
13366
13094
17102
2855
19509
8051
5232
19585
19907
8916
18330
2489
7121
9571
9228
8591
13285
5252
5771
10021
14772
14998
2606
7394
6779
12437
15816
2635
11541
14503
8783
9263
4732
8076
9621
8680
8731
6394
406
19836
18078
12221
9220
8720
14618
5379
1718
11802
16333
14532
7181
18812
6849
15809
5322
5334
9190
19554
10809
971
4903
8371
6428
17210
1272
18846
5237
11530
17348
10121
10727
11536
4343
17817
17588
8709
12069
2713
10149
16664
7699
14106
5235
7110
14180
17062
4033
8086
13677
4448
18420
17567
12590
9354
13852
19177
14229
17142
5621
3435
12451
14119
3864
100
4192
8419
16008
6987
12848
14046
15642
727
2789
16491
15671
13096
14550
19056
4892
4715
832
6903
15783
19062
489
16805
745
548
18386
7334
12817
11839
11938
11782
7928
7903
19179
2969
4781
1566
345
15281
6596
7923
3305
12792
13339
8749
16496
6826
16882
2072
15047
6817
12757
8220
3144
16910
4232
10256
2566
11934
8114
8073
5483
11884
5465
5111
14621
3859
17297
13359
15262
12569
11787
8863
1425
19489
10643
12895
5382
18402
11475
10193
3934
18384
14415
12822
12809
12872
14158
7469
4014
4665
18828
13194
6930
8302
15666
690
12078
188
15558
14997
2908
19002
7492
11768
5476
4602
18978
14692
1925
19707
18188
13498
19638
18849
14820
6082
17291
16815
11617
16925
9578
5697
15492
10841
11677
12712
13590
19934
1200
12148
6851
2056
19628
19163
9516
13589
11909
15866
5448
6395
16294
11599
15158
14188
1920
15229
5025
10236
9147
14966
16428
8689
14006
1426
12291
19239
13257
753
1271
13067
9524
8981
16777
3455
6554
11867
11619
10527
5595
18764
4465
9968
4633
17982
9007
7831
1223
13269
16885
8013
6012
9243
1488
9686
3830
17065
13530
19410
12560
13262
11046
3956
15528
19090
19227
16400
16036
18191
6060
14952
7520
16738
14806
8108
7249
16503
4792
16935
1842
18899
1294
12646
10047
4049
11789
16442
19595
9736
5071
16205
18076
4638
6446
10408
2314
13740
4130
19670
8007
11140
11200
19142
6317
11535
15190
9874
12079
10384
13746
8500
7598
18075
7252
15772
13577
4261
9951
4283
7967
9983
19716
8933
17956
7206
12020
11777
10143
6803
3906
7239
16639
17847
5170
711
15032
18538
8563
17608
1567
15794
12472
18575
7639
10392
16351
9185
16281
18843
3905
19282
16812
4869
1548
4698
15174
18506
6972
6981
8275
1030
3257
5489
905
18260
15892
204
19980
376
18588
10051
12699
13572
12789
10880
1622
14152
16124
3331
2628
4002
14371
18625
10998
17922
1110
18579
15896
268
18150
6707
10971
10807
17000
3581
16141
672
1850
18444
5176
4581
1791
9318
18873
2378
5632
5980
7596
3299
18702
18801
9049
4915
5888
4523
11064
2153
4552
18284
19865
3509
18127
7196
14440
12682
9996
16345
10315
5386
6879
10575
4501
19481
8549
9792
515
18156
6229
279
8751
2132
1740
4230
7116
3189
6870
16832
9437
11246
3122
9918
1103
12387
5645
9765
9
8133
9878
3730
8890
5393
15272
624
16370
11968
15284
15792
7806
19070
13786
2760
9416
18890
13622
7572
8820
5868
11798
16649
17330
17423
12028
14432
17359
4643
9247
9525
13978
9928
1870
2920
9672
3403
4226
5935
18397
2535
4398
3004
7498
16519
19841
5272
6043
17114
10802
15385
7443
16266
7949
15508
5139
2967
3737
19863
6444
4848
11182
3770
6992
8174
18745
445
13082
6301
11565
1817
558
5626
7989
6645
12972
13390
15378
1727
4525
701
13196
4722
12567
3186
2618
11023
15966
14213
5914
12750
17271
3999
12987
19551
1929
13286
6794
5642
4951
1056
6549
4427
16766
9595
9045
15403
2113
6380
16413
7545
4107
2522
6494
16459
4204
16365
11620
17494
9217
15951
17766
16217
19233
3049
4843
3623
10749
7906
4269
5057
11401
3272
11937
12400
7473
18938
18047
5948
19996
2554
12783
14923
4434
19326
3140
7881
6249
6409
18248
11054
14089
16951
17369
10781
1998
4136
15781
7726
5983
11555
14460
17469
13941
17762
14096
10961
14670
16988
2647
7741
12968
2237
1788
4355
14947
796
7164
13018
5993
7779
2038
19690
14197
6661
19660
19885
19300
13702
18662
10742
4125
17155
19175
13255
8332
1285
5710
8921
5026
2623
15066
510
9976
12868
18418
735
15155
19519
17011
4334
18467
214
8796
3230
2493
6590
6754
543
4948
11714
4511
10033
16462
15841
17327
9618
19003
12197
13213
16686
538
10088
610
19435
13069
3263
12304
16278
200
1708
13985
3216
3758
18216
14237
17304
14160
13777
12514
15300
18795
2451
9821
13321
16108
18794
10725
14791
6057
10949
11338
19820
17032
19801
10917
3565
13327
12351
7352
9597
3203
18628
17773
5806
17821
9142
1352
10689
8567
15105
3544
16360
11729
5171
18499
16485
17530
8319
8406
17672
17435
5776
3075
12274
8936
8057
10966
13697
6486
14970
1293
13968
3755
11870
14017
12407
6318
5936
12574
1963
3761
12773
16683
8137
2040
18046
15318
16215
9075
19837
13476
16431
16872
12742
9072
7754
11906
5926
18950
15983
13324
10702
11718
15267
14095
4346
6758
3607
2057
13741
13410
7127
5568
2328
6227
14703
5180
10340
5923
17987
4308
6415
14285
3042
5376
15086
2984
15624
4384
5938
8646
1006
11722
16876
15497
5930
11472
17853
4712
11865
7850
5053
11589
15457
9652
5297
5841
17994
10730
276
1804
10375
15662
16083
7671
13975
4881
12627
7695
1505
6894
16908
5736
19758
7250
14814
11660
5445
157
3596
14851
17579
13570
11681
4052
7251
15651
1664
9929
17756
17152
17409
12604
3879
13297
4748
14757
12299
13268
11035
2612
5682
11717
6530
11485
1743
14264
17814
13994
5917
16072
16617
17924
12745
14444
17640
13059
18610
3914
634
5366
12724
14537
18773
18263
19309
3806
19348
5918
12865
4651
19951
4405
12518
9474
6562
8163
1717
9044
42
5711
12322
357
16977
2450
6053
19372
19936
5518
1118
6385
16208
6561
12779
10447
18824
7536
12096
2762
8477
9559
4043
16245
17807
13569
15974
1722
19880
55
14090
4653
13585
3411
3050
7970
8241
8482
1814
12185
10603
10599
11593
13780
18133
5207
18958
2610
19352
17166
14184
19708
11549
15313
1854
1825
3211
18749
10072
833
5943
519
13185
16985
10257
11567
13250
5666
10122
7839
9616
19547
15113
9502
11500
15848
15025
15774
14803
12006
525
3781
15447
767
3322
18659
6637
12671
13576
8140
14973
11854
10439
14182
11160
6269
3852
11078
16521
5547
7803
13485
7255
12313
8141
11032
9205
7275
12285
17083
8080
17887
12858
13541
5546
9506
5875
6860
1166
19421
8239
13679
4902
11371
5641
16965
4450
3184
15533
4530
6235
15140
19187
4064
16658
6067
5824
10542
2332
1066
15708
13112
17041
12325
19276
13076
17021
17657
18934
7247
9360
8864
12609
13007
13682
2800
14958
1719
14118
7046
5701
9638
12177
17498
11323
6257
16352
2764
14719
3744
12454
19862
6119
7776
18550
5601
4880
9319
12246
16637
6150
14848
14033
13492
13174
1830
15309
19928
3936
15865
8175
9129
38
1269
9835
19916
5239
9855
8432
1572
10645
2273
8489
3531
12000
7123
13389
18219
475
7669
16544
16973
19717
17596
12175
4249
2047
15542
15001
19494
7830
12601
19921
1136
13413
19167
5534
2469
3170
4048
15396
12014
12021
2001
11996
8668
17840
2736
9358
9027
10973
9262
882
6075
18683
13545
15967
15327
14573
16526
15928
15159
11460
5704
16771
18093
14263
15733
17556
16892
8387
5976
13272
8221
12284
8534
5695
15960
8315
19399
16590
16458
9397
3172
3187
11014
8950
18024
4776
8754
18108
7873
7615
4339
6469
8378
19368
8724
336
7403
10622
4582
17158
17658
5681
15428
9203
5737
8540
15265
914
10744
7305
3002
1245
12357
8762
18780
9088
17706
1128
11622
16740
17978
1606
8778
13536
12051
12810
15024
4478
16315
17364
17171
16975
368
4129
518
9028
18014
15249
16393
19558
12786
5342
4149
12845
16517
3220
6829
17263
9612
12345
11716
4838
1221
3608
10274
2058
16105
17584
12052
8203
5185
17214
14667
10716
10883
11533
15618
16035
15553
15129
14314
5408
19091
5965
17852
17664
17391
14185
11358
9560
9860
13633
19301
17374
459
14844
9719
5157
5423
16849
15895
8909
9926
5246
14224
10169
4977
2777
19824
17856
7706
3243
11559
12374
18630
12528
4959
10120
15468
5274
4539
11671
15740
9657
1344
17543
19734
11144
9552
8948
8339
13282
16568
754
6660
15500
1936
6473
10844
6898
6454
14572
19644
8639
13380
7526
660
17939
7953
13782
1824
14654
11463
18489
9521
18803
4075
13803
7163
14299
7740
15346
6429
13062
9168
6264
966
11459
13258
18831
6096
4801
6907
9628
2843
15954
8381
12782
5141
607
19429
11305
14481
9748
7735
19023
11075
5879
18650
6197
9467
19099
11062
8714
15611
3573
10604
14594
8612
12101
11609
13617
15602
9331
644
4148
16377
10041
7568
14817
16378
11121
7844
18983
11688
8513
3826
12654
2471
32
19292
15559
3503
7645
7497
7162
8520
768
14351
4487
19684
5607
5795
15119
6880
16010
10145
16298
13949
14050
1310
4386
9626
4819
6443
12478
13619
7210
9830
1864
5556
8360
1124
13538
13399
14354
16782
5121
4991
9800
18537
2159
4272
18948
3667
394
16630
14656
8153
17668
12965
2943
16816
16803
3951
6535
13439
11573
11984
10328
17259
1937
9865
14617
17686
19030
11689
6420
2611
1367
19479
19040
1767
2729
10902
4872
1619
17689
16327
4373
14236
18432
14896
18139
12252
9925
1298
11389
11739
9826
18450
11887
19803
17708
5519
16479
16903
6713
5446
17202
1812
523
14436
19529
6463
5650
11673
19337
8861
4035
10158
17614
219
10330
3920
15039
4231
6430
6819
18316
228
12747
1697
12282
16602
19763
8643
13460
8187
17328
4634
15757
14112
14616
8016
4074
12253
18705
17320
10790
15178
11833
18996
7742
6933
12849
19147
16754
5679
7012
10886
12781
15799
15246
14977
1397
8458
16537
14474
10697
9344
1752
5020
10528
18406
12260
3440
11393
5530
17360
8407
8523
11538
736
11926
14337
17213
8575
8425
17089
8905
7042
17394
8624
3628
19250
8300
15958
9266
13568
9184
5023
3313
14321
12428
9675
11037
831
8911
18681
3555
12503
9458
16159
2799
8460
19051
6432
7263
9794
6453
9819
227
18847
9879
17895
19019
1355
14636
15824
18401
11071
7235
2362
9718
5263
17442
10866
11502
5352
19988
8568
15371
4652
1390
14557
5308
15619
12243
10795
5541
6181
19525
13856
16569
8429
15437
9699
9138
9345
6167
5072
19404
11273
14145
2749
8574
17417
16699
4103
1607
16293
1439
13771
17402
7341
19897
13424
7612
10301
3156
1459
16703
5300
5120
16178
5056
902
1290
15417
718
8722
1826
16337
4531
16077
19020
7108
14691
16226
565
4248
13448
12804
5031
4744
685
16240
5119
13980
14769
7853
4256
6078
16359
2756
17404
13684
5215
7665
15764
5933
17289
19320
10994
14747
4378
14924
2717
6322
4502
7864
4868
2338
11326
15268
11146
18586
6509
17951
12414
9476
3506
10858
14819
6161
1502
10195
6162
16834
19119
7562
7330
11153
5887
13783
12734
384
13052
7063
15680
3106
16673
9494
6658
4153
19631
11034
18953
3567
8992
5822
17005
18355
15594
14731
156
15147
11452
11045
19785
4947
15002
16680
14668
10466
9901
11309
13074
2392
13640
5744
4873
2185
11462
7507
8033
18183
19259
15362
15487
6503
14005
9757
14201
15070
16615
15193
7717
18560
12639
13130
10813
12309
14937
15274
9940
15405
17221
9035
15734
16176
9189
1046
8050
7832
5265
15012
19047
8960
7180
19022
11634
4348
14613
7284
6514
19869
17992
5653
16001
7625
12290
5586
5677
12302
11241
16991
4180
2688
18523
18544
11960
3270
8194
14300
19596
19170
7564
17953
15630
18504
8078
5438
8972
19280
4509
269
17610
11320
2653
18472
12706
5570
10486
15256
18254
15881
3374
17967
5611
7397
18911
14787
19044
17236
10334
12306
9328
15512
10709
19702
4585
7865
4923
12455
17314
18827
18268
6311
10663
5432
6704
14372
19450
6748
12224
11164
15042
15575
4860
11414
8553
13974
10903
2538
8879
11056
4604
9283
5144
5335
2114
449
4456
5543
18074
8310
72
8185
9883
6267
8843
8280
12620
15460
8064
10449
15044
10559
13877
12670
14045
7546
13427
722
6571
13037
14734
7418
7224
8533
8818
2135
12885
18858
10543
5548
1122
2299
4460
3600
19469
4365
3171
14297
1927
11343
5656
9398
12046
8502
4410
12385
19067
4271
9530
11606
15233
15052
13054
6342
6852
16164
17646
14912
10835
5786
10406
16618
6828
7664
17477
18959
8472
17542
18106
18273
8649
7636
15996
7401
10109
12316
14060
17029
8015
9046
7368
17292
7962
15944
8372
15303
4176
15784
7561
13484
17678
18653
11643
19959
8776
3981
2735
987
17818
19893
10368
15045
19794
5692
19727
8640
7422
8018
10246
13637
18215
4907
8548
11841
13804
18390
8991
6681
843
14370
10329
6180
19931
13023
6657
3622
14307
4171
9342
1882
5618
5244
14624
1499
5294
18050
11177
4950
5127
19615
5800
19473
5457
5254
12163
10150
15900
7329
13306
16980
13298
6623
11197
14608
13136
12165
19970
13175
11244
885
11470
7118
1107
14543
14176
18483
2289
14630
1706
14593
8605
15054
11350
8238
17768
7448
5949
15386
7820
3462
2909
10738
12598
12140
5557
14872
12273
6982
19588
2339
337
13701
16379
8444
860
18414
5963
16706
1935
15807
8566
2652
19715
1121
8245
1174
8020
17566
9116
13540
2266
5373
10664
19517
13717
12592
14173
5404
13077
16029
6488
6094
13859
6154
10188
4500
622
16978
14382
12031
8408
6374
5910
16531
17329
8377
7972
12526
15430
5208
19874
16545
1643
8259
14127
11705
13053
16355
14029
4084
7647
7904
17260
13899
17309
6634
8340
4775
5818
762
11721
6445
12172
12776
3369
915
13284
8121
15236
6382
11349
14412
16354
11136
10378
14070
1976
8906
18992
6478
2746
15560
11188
16392
14943
18181
1674
16251
14086
9339
6033
8690
10114
12326
5525
8484
9011
4667
9399
629
14644
1835
17088
12973
5195
14077
19206
19571
13611
6664
10900
17140
12348
9166
9807
5109
8370
1316
8610
3729
10317
18344
108
14871
5724
14355
4593
17667
12383
15603
16549
2013
5449
14528
19111
18495
1841
9527
15208
13892
2108
13383
6308
19161
10996
14951
12549
11880
5616
6455
7215
18769
14278
6678
7858
19236
18902
12905
5878
18861
15368
8987
5712
9625
16580
14919
8993
3180
16073
7339
4928
3356
692
10729
5224
19516
3493
14868
18897
7276
13238
5242
9141
6456
11944
2560
18030
7125
17233
17016
5260
7101
1211
19298
2656
10972
19949
18378
2106
11707
13867
16538
18343
12171
7772
14822
14748
13171
8409
11163
2327
6254
16727
10450
11687
17185
19295
8486
18257
3038
14159
11436
15114
226
14904
12695
15243
945
4693
6036
3397
11486
10339
2195
14576
14514
15684
12823
14761
10780
9207
9004
4981
16971
18540
17590
8390
11378
18985
12717
1975
435
2870
10260
10232
15217
11423
9441
1912
7032
12951
17006
3532
11016
15162
4709
15845
15094
11125
1167
17441
10156
14464
2856
4853
6696
10563
5600
15294
4735
5674
14218
12632
11015
16013
19629
13416
16152
3353
10848
17619
13618
10129
3183
12408
11300
4374
9410
14049
7314
14438
870
6698
11245
16567
2155
12847
18728
1259
16184
7774
3164
14764
14400
10936
14861
1350
15282
9814
6054
13821
16200
5947
19241
12468
4381
6448
2668
15573
65
7464
15715
5709
1436
6751
3986
19196
3161
17203
5571
2315
16672
17059
8252
1283
14906
17900
13503
19657
11827
4842
19185
8113
16158
2323
9574
1783
3584
2766
8186
5480
13891
16340
1581
4358
9639
10100
9922
15778
7882
9380
9885
15549
8603
2859
18558
2070
5591
11683
10456
6915
16015
11940
3805
9367
12084
5231
3711
19651
6441
19818
11914
14945
19643
186
17285
8197
12
9059
9518
2981
9005
10947
5167
12249
3562
5566
4794
12151
2922
18264
18835
19447
16784
10288
3352
7090
2788
11661
11424
260
17431
16996
16434
14799
4071
5961
19068
6357
4680
16149
5814
15074
6636
3482
9439
13197
10739
15400
4277
3980
18981
9789
4472
5620
601
8285
11917
14430
9137
6563
4934
14379
19570
1671
14535
5451
11591
10916
9966
9567
11145
12240
18482
19607
16768
12009
10616
6148
16736
12426
14954
14332
6377
2722
8416
13117
19350
13812
15336
1237
10327
2427
7045
7516
9934
17901
4320
7209
16488
12543
15058
7165
9128
18430
3125
1351
6149
4173
8143
12711
4151
14324
18516
9743
9182
3877
10207
4477
14979
12298
5904
9604
4045
6746
17306
17131
19732
14858
16601
15056
10955
19257
3389
15965
15948
16368
5665
17197
15658
15414
16430
11425
5615
11004
4305
17859
8803
5051
11532
18122
9411
10891
1856
18708
17830
938
4640
16146
7827
194
5559
19664
11308
8780
14584
2227
2963
11562
7445
11810
6035
4254
19561
5436
3669
8927
9386
13483
7141
222
15477
6200
17851
12607
3213
2619
1388
9121
3442
8066
18883
14353
8789
3259
17161
16168
1656
6490
12820
5038
2697
16931
15644
16289
6853
4156
598
6639
217
10922
16085
19439
16684
13768
4362
16115
12119
15669
18604
11746
14661
7391
9395
5872
6575
11772
18535
14387
9513
10896
16511
6018
12179
18458
6310
12522
17548
7051
6714
17153
2826
8209
3481
13479
13290
15985
16319
16310
13912
9843
2329
4904
18923
12754
7405
6337
15049
13374
13178
13237
5986
6306
11137
10843
17733
6277
5882
8859
12748
8451
14414
19463
12580
19887
19830
17568
19688
2171
13986
17909
16137
7155
5160
5700
12566
12608
16478
5159
1206
10860
5520
15565
10519
12581
13051
17920
9601
16453
9673
12129
11800
7720
1941
16610
11221
17609
876
11635
7074
1490
14956
14777
7796
15569
3660
11840
5967
11912
14255
16387
2120
5950
9733
8181
13092
14646
9782
11920
7372
1793
19041
7760
16082
16720
18699
7375
16318
3101
5996
7002
16148
10299
19681
2269
15646
1458
469
7905
13346
8892
17740
10546
16258
1587
4105
2021
17877
17313
8718
7590
19055
5809
19609
13818
2846
3560
8750
13098
8638
9362
13902
3939
5696
8345
7106
7259
14702
19906
11511
9282
19723
2707
13344
13582
14790
11560
8747
5044
8061
12154
5577
12277
17670
10382
10344
12321
12879
17108
18638
11080
6474
16566
11043
12475
6997
10829
3200
1544
8127
7301
1650
18300
1699
15390
15462
15000
2127
19269
9176
5202
13107
468
10471
12617
8760
8074
7291
15513
7916
4510
1189
12139
3605
14265
4421
315
14010
9839
10074
10968
11181
6734
4930
4379
10787
16755
18845
12307
14600
14431
8045
17752
19015
5000
11033
13748
18612
1001
16338
3590
19217
6986
4890
10202
16250
5754
10993
3428
11574
1171
16106
10217
15999
8171
5859
4646
16467
6792
1267
19138
13563
13340
17031
13101
2512
10133
11696
3145
5047
9445
3760
16873
4799
18507
258
4229
14982
19709
12551
1865
16138
18104
4368
11872
3997
4970
8808
12492
14620
3219
16463
15720
13016
235
17050
1461
11067
17731
2947
19855
7973
19271
9777
2107
8570
12287
3155
13508
17554
17515
10911
9974
13430
16239
967
18155
6914
3556
9603
6541
15727
12250
4011
8592
12541
16516
10931
9710
2852
5906
6372
17850
19443
5590
17424
5758
14334
7506
11518
10071
16710
10648
15909
12272
14909
15393
12993
2495
19795
927
12065
17919
6531
15377
10842
3432
17575
13444
5291
10951
1341
19154
18943
18313
5760
1394
10741
8865
15491
7195
2259
6939
15637
8364
1324
13713
11512
19565
9916
1032
9461
4630
6175
16917
17245
19731
15834
18521
3803
699
3715
7634
18031
13823
8586
7531
1138
4681
8626
11282
15674
1908
15118
14128
19149
15885
371
8759
16180
2474
18362
19042
19975
37
14308
15894
1130
7093
1
15763
11421
10458
18337
2681
9772
3878
15814
18677
15439
13102
12727
18239
15846
9828
8293
18379
790
9103
13953
3783
1883
5532
5162
4161
13271
10056
16369
18968
4221
5693
2283
8401
15235
8166
17356
7382
10358
17157
9000
2565
13127
4752
4751
4044
9333
225
14398
18091
2905
11873
8647
17196
19890
15936
10538
5312
17223
16238
16899
10834
19249
4813
11430
10462
16471
16581
13474
12155
8397
19728
13662
6284
5256
10888
3052
14478
16862
12947
14277
6261
12389
10969
9504
18481
8447
15228
6858
11838
901
14859
721
5052
1406
10115
12813
1240
2581
12784
14114
7226
12585
12349
10650
9691
15904
10796
16275
4944
9209
10767
2449
12499
16520
8130
8308
2076
5395
4471
5602
3193
8862
10254
17410
2221
6125
16071
7609
14081
5323
10475
16342
10271
12933
17434
8908
1116
7474
1082
6747
6244
8301
9810
16019
14657
2052
6761
13033
18493
9761
5319
12034
161
18143
4797
14544
17367
1796
18296
15332
7332
7823
3541
9322
2423
13752
4349
18197
4632
9222
12350
7632
13060
7843
4920
13858
19333
11503
6931
9924
12498
16322
3212
19978
3842
2118
2599
11238
3962
13798
8917
13515
6447
9127
4877
14965
13316
3378
18137
9728
576
7528
17180
18734
6052
19676
10360
18501
2737
16093
19133
11339
10059
18177
15438
291
1686
8971
1160
15034
11342
101
12910
13751
4081
7811
10694
